 after shrink 73 2
 -3.77401109  3.32332223  3.09603516
  2.57758043 -3.52970692 -2.53030942
  0.59706792  2.03481695 -2.59755755
 -3.43521923 -0.941919492 -2.9927627
 -3.42773249 -3.50216799 -0.857137132
  3.45466676  1.14813698 -3.63656082
 -3.15812418  2.37484939 -2.97192505
  2.01651274  2.63429069  3.46178656
 -2.78035628  2.93631817 -0.109924815
 -2.01222434  2.62246696  2.84297965
  2.07207323 -1.46795148 -2.20500285
  3.0888178  3.06386768 -3.0414989
 -3.09627105 -3.37527363 -2.87573628
  2.68981993 -2.56381882  2.18378719
  2.62713103 -3.12488222  3.32599786
  2.90235391  3.07213164 -0.595469897
 -2.92657133  2.14614131  3.4386443
 -3.38305231 -2.85182956  3.53557909
 -1.12574152 -2.0390321  3.10618816
 -3.32977593  1.02514754 -0.537840837
  3.14774469 -0.813257151 -3.42571287
 -0.174798268 -3.21189193  3.33967282
 -2.21874473  0.563656795 -2.26012815
  2.7557479  2.95835609 -1.10916686
 -1.38853055  2.24385996 -2.58119706
  3.25384029 -3.54163687  3.02736049
  2.71893468  2.03250942 -1.98505543
 -3.08172191 -1.41672309  2.36417049
  0.0478551399 -3.27164632  2.44934046
  3.11316692  0.866565873  3.36765715
  2.81725953 -1.68337195 -0.574586641
 -0.582057418  2.21530554 -2.61906449
 center  0.  0.  0.

