 1 -4906.60387
 Cu  0.083989  2.816004  0.978100969
 Cu -1.27793 -1.060636  3.54678397
 Cu  2.507848  0.210729  0.911712969
 Cu -0.520394  1.25317  2.92688697
 Cu  1.968123 -1.384483 -1.77152303
 Cu -0.871767 -3.019214 -0.423512031
 Cu -2.130155  1.971086  1.24099097
 Cu  2.221216  2.552476 -0.120264031
 Cu  3.286124  0.811738 -1.55413603
 Cu  0.06789 -2.647254 -2.64439903
 Cu -1.611333 -1.298732  1.12895197
 Cu -2.373971  1.108094 -1.07377103
 Cu  0.154292  2.471963 -1.51544303
 Cu  1.103847  0.790524 -2.99408803
 Cu -1.114965 -0.52458 -2.75550203
 Cu -2.801944 -1.275892 -1.02768003
 Cu -1.788167  3.434089 -0.594381031
 Cu  1.458834 -2.368117  0.832792969
 Cu -1.487462  1.903299 -3.13330403
 Cu  1.030047 -0.684044  2.78442997
 C  -2.29407  0.398703  2.81640697
 C   0.737148 -1.013994 -3.15549403
 C  -1.634033 -2.291331 -2.01208003
 C   1.862052  2.044391  1.66405097
 C   3.618389 -0.776558 -0.603489031
 C  -3.186504 -0.045511  0.361919969
 C  -0.362765 -2.905879  1.39680197
 C   1.966053  2.077834 -1.90695803
 C   1.422713  1.164855  2.49390797
 C   2.977055 -1.645263  0.0782149687
 C  -2.913081  0.165682  1.64904197
 C  -0.097079 -2.233149  2.47502897

 2 -4906.42537
 Cu -3.07462325  0.413026937 -3.42754941
 Cu -0.29476325 -2.67146106  1.47462859
 Cu  2.64868975 -0.0514130625  0.258036594
 Cu -1.49392025 -0.607479062  0.764687594
 Cu  2.11519075  2.43795394  0.358156594
 Cu  2.23223175 -2.64653706  1.81310659
 Cu  2.16913575 -0.304514063  2.71875259
 Cu -0.50161825  0.513108938  2.83730959
 Cu  2.21310975 -2.30635906 -0.651679406
 Cu  0.90281075  0.942541938 -1.33750841
 Cu  1.31554975  2.11923794  2.71615559
 Cu -0.99033425  2.91912194  2.97897059
 Cu -0.30434625  2.08872994  0.731028594
 Cu -2.07599225 -1.25009606 -1.45367941
 Cu  2.06487675  4.37399894 -1.04257841
 Cu  0.07882875 -1.74072406  3.85545259
 Cu -2.13918625  1.05903994 -0.924822406
 Cu -0.10581525 -3.34502706 -0.904402406
 Cu  0.39176175 -1.35175206 -2.24006441
 Cu -2.43965625  1.45927094  1.55948659
 C  -1.04459725 -1.25338906  2.48354059
 C  -2.44247925  2.00981894 -2.82080841
 C  -1.86488825 -2.21861306 -3.23282841
 C   2.58562675  1.23696294  1.67208559
 C  -0.35895625  2.76578594 -1.51762741
 C  -1.46908425  2.57865494 -2.23751541
 C   0.75844375  3.01739294 -0.900703406
 C   1.90968975 -0.639381062 -1.40413141
 C   1.16244375 -3.36969606  0.465195594
 C   1.80754375 -1.99790906  3.47639659
 C  -1.03578725 -2.83805506 -2.40900441
 C  -2.71988525 -1.34224106 -3.65808741

 3 -4906.60868
 Cu -1.70634625  2.13732281 -2.07054509
 Cu  2.19673775 -3.03753219  1.12060691
 Cu  0.97214575  2.42900781  0.332814906
 Cu  0.40748675 -2.02623019  2.40187691
 Cu -2.18077425  4.02408381  2.49743691
 Cu -0.52445825  0.400213812 -0.407298094
 Cu -1.36082725  3.22754581  0.351418906
 Cu -1.86388125 -0.837346188  2.50376591
 Cu  3.31110475 -1.95550319 -0.914073094
 Cu -0.27672725 -2.75146919 -0.00676409375
 Cu  2.38528375 -0.744363188  1.80190191
 Cu  2.70330575  0.661717812 -0.168162094
 Cu -3.06910025  0.847377812 -0.430241094
 Cu  0.16715275  0.469221812  2.16613991
 Cu  0.96277875  1.70210481 -2.09021309
 Cu -2.17029725  1.65360881  2.02948691
 Cu -0.05635325  2.99810781  2.59035491
 Cu  1.03689575 -0.950797188 -2.20582609
 Cu -2.30049325 -1.40163919  0.209216906
 Cu -1.47161525 -1.79239819 -2.24226509
 C   2.24777275  1.21462781  1.62117791
 C   0.12170475 -2.69652419 -2.02841409
 C   2.21064475 -3.52833119 -0.677384094
 C  -0.26307025  2.69818681 -1.07286509
 C  -2.70058125 -0.439901187 -2.42096609
 C  -2.98634125  0.790799812 -2.41307709
 C   2.42067375  0.557660812 -2.31495109
 C   1.53934575  2.06481481  2.27672891
 C   3.18372875 -0.359145188 -1.85023309
 C  -1.20619025 -2.28000019  1.53996091
 C  -2.90051525  0.135111812  1.29231891
 C   1.17080975 -3.21033419 -1.42192909

 4 -4906.39936
 Cu -1.24872037  0.107435844 -3.17821947
 Cu  2.84049362  0.244107844 -1.01502747
 Cu  2.15870662  0.907239844  2.37436953
 Cu  0.990029625 -0.815338156  3.65228953
 Cu -1.22271438  0.399505844  0.447676531
 Cu -2.02867838  2.41516184 -3.54130547
 Cu -1.03453137 -1.18273316  2.42518453
 Cu  1.40277763  1.96217684  0.0697195312
 Cu  1.18499063 -0.0101291563 -2.99314347
 Cu -3.02771338 -1.36662016  0.962749531
 Cu -0.015256375  2.02081984 -1.86022047
 Cu  4.29133663 -1.53500016  3.29271653
 Cu -2.82007938  0.540464844  2.47986553
 Cu -0.274634375  1.16430184  3.07337153
 Cu  3.62384662 -0.628677156  1.12090953
 Cu -0.731146375 -2.19298116  0.247118531
 Cu  1.39196763 -1.76306616  1.30248353
 Cu -2.25551238  2.27775184 -1.07518147
 Cu  1.19504363 -1.81082316 -1.31999747
 Cu -2.97862837 -0.306979156 -1.28120847
 C  -0.716484375 -2.27478816 -2.35620347
 C   2.60508162 -1.52548316 -0.190518469
 C  -1.75362537 -2.50838216 -1.53460347
 C  -2.72316138  1.10465084 -2.45610747
 C   0.045083625 -1.53139916 -3.07607947
 C  -0.569092375  2.51569184  0.0284285312
 C   2.98508963  1.16426184  0.714869531
 C  -1.17867437  2.39637884  1.20845053
 C   1.74777463  1.39597784 -1.94379447
 C   2.60619462 -1.02773716  2.77428653
 C  -1.81368137  2.12259284  2.32403753
 C  -2.67608238 -2.25838316 -0.676916469

 5 -4906.51417
 Cu -1.57228334  4.63989656 -2.68198781
 Cu  0.442936656  3.48070556 -2.20250481
 Cu -0.511086344  1.80029456  1.90377419
 Cu  0.965805656  2.25586756  3.72901519
 Cu -2.11976434 -0.0796684375  1.12119319
 Cu -1.53076934 -0.377325437 -2.62296781
 Cu  1.81029966 -2.87051144  0.579068187
 Cu  0.349572656 -1.82599444 -3.67092981
 Cu -1.59815734  3.16842556 -0.777546813
 Cu -0.176856344 -1.74973544 -0.845075813
 Cu  1.54833666  0.438324563  2.28192019
 Cu  2.17723166 -0.264154437 -0.0151078125
 Cu  1.00594866 -0.0625694375  4.53848619
 Cu -0.0268203437  0.997259563 -0.522882813
 Cu  2.20866466 -2.20779744  3.11321919
 Cu -2.67819234  1.02751056 -0.974402813
 Cu -0.366239344 -2.27830844  4.69720919
 Cu -0.0542443437 -1.53390044  1.99005419
 Cu  0.848751656  0.800325563 -3.07666881
 Cu -1.51446134  2.24774856 -3.15408381
 C  -1.53418834 -0.462569437 -0.746561813
 C   0.921138656 -2.88995344 -2.29514381
 C   1.40314466 -1.85132344  4.68442319
 C  -0.378407344 -0.281523437 -4.39738681
 C   1.65326066  2.16289856 -1.79943581
 C  -0.950808344  0.851826562 -4.27068381
 C   1.27376866 -3.23332144 -1.13810581
 C  -1.66513634 -2.07422244  3.40505019
 C   1.86508266 -1.27602044  1.54356119
 C   2.03125366  1.05253256 -1.31822581
 C  -1.77124834  1.80467656  0.510354187
 C  -2.05653334 -1.40939344  2.41237419

 6 -4906.44108
 Cu -3.33036247  1.17941375 -2.45121562
 Cu -2.65704647  3.02153775 -0.997562625
 Cu  1.09364353  2.24388075  0.995768375
 Cu -1.43248747  1.79290175  0.761352375
 Cu -0.326901469  2.35875875 -1.47770563
 Cu -1.58025147 -2.57986825 -0.777881625
 Cu  3.66734753  0.41524875  3.52227138
 Cu -3.65783247 -1.11322525 -1.41512963
 Cu  1.97944353  0.01684275  0.133330375
 Cu -1.41718947 -0.04787925 -1.09838863
 Cu  2.50544853 -1.72311925 -1.50814063
 Cu  0.897579531  0.17719975 -2.08505562
 Cu  3.24406053  4.04425375  3.32727138
 Cu -2.82533147 -0.86875325 -3.74456963
 Cu  0.383315531 -2.39348825  2.35412738
 Cu -0.591421469 -1.67665225 -3.04217962
 Cu -0.265121469 -0.41392425  0.990319375
 Cu -2.56953247 -0.12981225  1.89814437
 Cu -1.07336347  0.91798875 -3.45302662
 Cu -3.63420847  0.94629975  0.031129375
 C  -1.50698847 -1.71169425  2.04937838
 C  -2.36191147 -2.09148325 -2.43566362
 C   3.22960853 -1.31716325  2.95810138
 C   1.18570853 -1.57312925 -2.74872962
 C   3.11804753  2.12635475  3.16584837
 C  -1.86119147  2.42543675 -2.60011862
 C   3.14626153 -1.61166725  0.247034375
 C   2.17170953 -2.05182525  2.71798137
 C  -1.22539947 -2.48429625  1.06331337
 C   3.08609853 -1.57080225  1.51801537
 C   2.28583953  2.65649675  2.34875038
 C   0.322428531  1.03616875 -0.246769625

 7 -4906.66246
 Cu -1.41922009  2.18433528 -0.248846094
 Cu  0.721297906  0.774441281 -1.44580709
 Cu -3.91825609  2.16013828  0.743640906
 Cu  2.99307891  1.32705828  0.346644906
 Cu -2.67078309 -2.25507672 -2.83255109
 Cu  5.13451291  2.38546428 -0.622669094
 Cu  1.92912791 -0.239700719  2.10137991
 Cu -0.426091094 -0.931678719  1.93401791
 Cu  1.19626591 -2.77127372  1.61411791
 Cu  2.88596691  3.34904728 -1.12842009
 Cu  0.151754906  0.902560281  3.37770991
 Cu -2.56438309 -1.02038972  0.844894906
 Cu  0.612702906  1.57145228  1.10732991
 Cu -3.28754109 -2.96425572 -0.430874094
 Cu -1.94093609  0.0821812813 -1.45209609
 Cu -4.39062109 -0.0674037188 -0.493255094
 Cu  4.89695591  4.31236528 -1.91400409
 Cu  0.483866906  3.68841628 -0.262213094
 Cu -0.530509094 -2.00350272 -0.724603094
 Cu -1.80596509  1.09934128  1.88355791
 C  -0.137641094 -0.671470719 -2.25772909
 C  -1.81875009 -2.91848772  0.737033906
 C   1.52429891  2.18783028 -0.508865094
 C  -4.85285709 -1.63131272 -1.37094909
 C   4.99060191  0.836656281  0.347209906
 C  -2.79172209  0.835873281  0.167531906
 C  -0.612062094 -2.86744772  1.17069391
 C   4.43216191 -0.140616719  0.909784906
 C   2.88751891 -2.05476872  1.75442591
 C   3.71150991 -1.15509872  1.44407191
 C  -1.03824009 -1.43061372 -2.74319109
 C  -4.34604409 -2.57406272 -2.04797309

 8 -4906.54228
 Cu  2.01448406  0.490221719 -2.57182931
 Cu  2.08563506 -3.56422728  0.412909688
 Cu -0.902680937 -0.432080281  2.65338569
 Cu -0.225786937  1.97783072  2.36647769
 Cu -1.75268594  1.12935172  0.566793688
 Cu  1.73379606 -0.690095281  2.02918369
 Cu  1.33053006 -1.85220728 -1.37634031
 Cu -0.182205937 -0.834595281  0.202465687
 Cu -2.10521894 -2.48138028  1.16934169
 Cu  2.80062406  1.50672772  1.67758869
 Cu  0.304746063 -2.67613528  1.88304569
 Cu -3.98058194  1.17314772 -2.73953931
 Cu  1.28711906  3.23355372  0.855929687
 Cu -1.15836194 -2.63928628 -2.23943531
 Cu -0.372044938 -3.75013328 -0.169160313
 Cu -0.788090937 -0.106879281 -2.63991331
 Cu  0.513165063  2.02638872 -1.15756531
 Cu  1.87374706  2.99665872  3.33418369
 Cu -2.55254394 -0.997248281 -0.745675312
 Cu -1.90400894  2.08656372 -1.79036831
 C  -1.14842094  3.01927272 -0.367328312
 C   0.608647063  0.429137719  3.41699569
 C   1.12829606 -0.961885281 -3.28872531
 C  -2.04059394 -3.00128928 -0.622704313
 C   1.57206206 -1.79617828  0.527079688
 C  -0.723606937  2.98522572  0.845674687
 C   1.74469906  1.03675872  3.26665869
 C   2.49950106  1.68751972 -1.26612431
 C   0.228259063 -1.86088128 -3.25340231
 C   2.67092806  2.14297472 -0.0988353125
 C  -2.04524594 -0.625076281  1.16761669
 C  -2.51415994  0.348244719 -2.04838431

 9 -4906.619
 Cu -1.58088288 -1.78064581 -1.68583266
 Cu -0.462274875 -2.49558981  3.13316534
 Cu  0.943188125 -1.51698181 -0.749773656
 Cu -2.77295688  1.24776719 -1.76282066
 Cu  0.371488125 -0.340493812 -2.95009066
 Cu  1.53699112 -2.21114181  1.60618534
 Cu -1.73527388  2.46938719  0.442043344
 Cu  0.474195125  1.87106119  1.21419034
 Cu -0.017269875 -0.421490813  1.95512234
 Cu  4.02237313 -1.68819381  1.39269434
 Cu  3.21127713 -0.587578812 -1.34381766
 Cu  0.773703125  3.58313419 -1.01482666
 Cu -0.574526875  1.86523919 -2.38518266
 Cu -0.916966875  0.155577187 -0.325200656
 Cu  2.36049712  0.205788187  1.05047234
 Cu  1.35888612  1.10280819 -1.06350066
 Cu  2.58314513  2.67170719  0.371918344
 Cu -0.743676875 -2.58053681  0.737374344
 Cu -2.79803388 -3.16424281  2.35135234
 Cu  3.01202012  2.63561619 -2.01809266
 C   2.17997013  0.123025187 -3.07942966
 C   2.67007112 -1.57197681  0.177772344
 C  -2.19854188 -3.15115181 -0.576485656
 C  -2.19447987 -0.575634812  3.43128734
 C  -1.30786187  1.38007919  1.95300634
 C  -1.08949187  3.66135819 -1.30104766
 C  -2.59578987 -3.54335781  0.556635344
 C   3.13922013  0.908643188 -2.76871566
 C  -1.35448388  0.0075691875 -2.27915566
 C  -1.72983588  0.498505188  2.77890834
 C  -2.34666387 -1.82512381  3.56137734
 C  -2.21801388  3.06687519 -1.40953266

 10 -4906.54383
 Cu -2.26078622  0.804735812 -0.199928812
 Cu  2.07273278  0.697029812  2.24924319
 Cu  0.923883781 -2.85467019 -1.89263981
 Cu -1.97213022 -0.941300187  1.43426819
 Cu  1.27432478 -3.42735319  0.478922188
 Cu -2.37188022 -0.248422187 -2.65032881
 Cu  1.62659078 -0.506846187 -1.65658081
 Cu -1.37662822  3.78322781 -0.973014812
 Cu  1.08410478  2.94125081 -0.662009813
 Cu -1.11344422 -3.49627119 -0.380344812
 Cu -0.914124219  2.66773581  1.27053019
 Cu -2.70526422  2.09878381 -2.15920981
 Cu -0.375429219  1.28722981 -2.00941281
 Cu  2.61770878  1.01877681 -0.0411338125
 Cu  1.94037578 -1.80566319  2.44041719
 Cu -3.23728622  2.93485481  0.245413188
 Cu -0.669951219 -1.02865719 -1.05025381
 Cu -3.04681822 -1.54092119 -0.717440813
 Cu  0.0874487812  0.521167812  0.645802187
 Cu  1.60515178  3.19157381  1.95923019
 C   2.28253378 -2.23388819 -0.727885812
 C  -0.894976219 -2.89301819 -2.33667281
 C  -0.480894219 -3.39706119  1.41471619
 C  -0.993792219 -2.33886019  2.20129319
 C   0.930224781  4.47663881  0.794672188
 C   1.45044978  1.34915881 -1.53291981
 C   0.324427781 -2.74244319  2.41217719
 C   0.00052378125  4.62721881 -0.0589108125
 C  -2.08880022 -2.47014019 -2.12039581
 C   2.75726278 -1.51414219  0.275507188
 C   3.00189578 -0.643332187  1.24630519
 C   0.522564781  1.68360681  2.10058619

 11 -4906.49232
 Cu  1.03161216 -0.963934719 -2.37660372
 Cu  3.40627316  1.08951928  0.356889281
 Cu  0.392880156 -3.02806272 -0.640797719
 Cu  0.322015156  3.28576928 -1.67368872
 Cu  2.55972016  1.17039728 -2.19741772
 Cu -3.51564184 -0.989740719  1.62970928
 Cu -1.50499484  1.10587528  1.11615528
 Cu  2.83506316  3.58746428 -2.26697772
 Cu  2.15440016  3.22723728  0.0990162812
 Cu -2.96069484 -0.759390719 -0.944042719
 Cu -1.42526684 -0.484002719 -2.91431572
 Cu  0.748236156  1.21393328 -0.290835719
 Cu  3.34756216 -0.914607719 -1.28396072
 Cu -1.69483484 -2.62503372 -1.80355272
 Cu -0.571568844 -0.802154719 -0.447780719
 Cu  0.206753156  1.26869728 -3.09333072
 Cu  1.80056816 -1.16227372  0.626133281
 Cu -1.86241484 -2.72328372  0.616694281
 Cu -4.12905284 -3.05544272  3.00124628
 Cu -1.57060584  1.60293328 -1.44418572
 C   0.599545156 -0.191282719  2.98177028
 C   3.50967716  2.42593228 -0.959122719
 C  -3.01344784  1.28750828 -0.263150719
 C  -0.640653844 -0.813685719  3.18729828
 C  -0.516858844  0.485911281  2.56221328
 C   1.88905616 -2.04310772 -1.06815272
 C  -1.56577384 -1.75554072  3.10019028
 C   2.89991416  0.110787281  1.87524428
 C  -2.46341084 -2.44525472  2.46890928
 C   1.45231316  2.64476028 -3.05763272
 C   1.90638916 -0.274554719  2.54722728
 C  -3.62675784  0.524628281  0.556852281

 12 -4906.49014
 Cu -2.43572297 -1.58164456 -1.66272825
 Cu  1.70281303  0.222266438 -3.58027525
 Cu -2.13235797  0.608465438 -0.64868925
 Cu -0.528855969 -0.377216563 -2.71511225
 Cu -1.64942997  0.188470438  1.90887175
 Cu -1.47386397 -2.14932356  2.86794575
 Cu -0.170818969 -1.43779456 -0.01003325
 Cu -1.27993897  2.10391744 -2.63113025
 Cu -0.121473969  2.15856044  2.27900175
 Cu  1.55923403 -1.52189356 -1.83689525
 Cu  1.27712303  2.39045444 -2.41714825
 Cu  1.83087603  3.51861244  3.08336975
 Cu  1.61716503  0.305503437  1.86872175
 Cu -2.02463597 -3.47542856 -0.14710325
 Cu  3.66277103 -0.768009562 -2.76246325
 Cu  2.37804903  0.565641437 -0.89293425
 Cu -0.00387096875 -0.0331805625  3.78627975
 Cu -0.431098969 -2.85096256 -2.16405525
 Cu -2.61032097 -3.92450856 -2.40590525
 Cu  1.41925603 -2.01770956  2.96504175
 C   1.99327203  2.44310144  0.46707475
 C   0.156084031  1.26760644 -3.42174825
 C  -2.03153797  2.47729944  0.16691875
 C   1.85296803 -1.09660356  0.07445775
 C  -2.25572597 -1.03370256  0.25812475
 C  -1.74199097  2.05591644  1.37808075
 C  -2.11883497 -2.00437656  1.11911775
 C   1.93375203 -1.60854556  1.24751475
 C  -0.0802659688 -1.85146356  3.97626175
 C   2.14208103  2.56172544 -0.79754225
 C   1.71644403  2.24528244  1.76914375
 C  -2.15114297  2.61954044 -1.12216325

 13 -4906.29652
 Cu -4.69124906  3.30765887 -3.96357084
 Cu  4.27467694  2.72338588 -1.09608284
 Cu -0.0950550625 -2.63100713 -2.18980384
 Cu  3.24008994 -1.95270513  0.806566156
 Cu -2.24443606 -1.59567712  1.46472116
 Cu -0.0846140625 -0.327059125  1.65841116
 Cu  5.01002594 -0.561303125 -0.0610668437
 Cu -4.30154906  0.876160875 -0.0780938437
 Cu  1.92224194  0.426709875  0.584424156
 Cu  3.20453694  0.487752875 -1.62749484
 Cu -1.41717906  1.31001887 -0.151530844
 Cu  4.24432594  1.39845588  1.06728716
 Cu  1.32858194  2.19827588 -1.13922184
 Cu -0.733640063 -2.23719912  3.34025616
 Cu  1.74892394 -1.62677213 -1.14790484
 Cu -3.47243006  2.30702988 -2.16095184
 Cu  0.161282937 -4.22496113  2.28947716
 Cu  1.61027694 -2.06377512  2.64613416
 Cu -0.0911560625 -2.66641412  0.202940156
 Cu  4.70423294 -0.603093125  2.43984216
 C   3.41346894 -1.85742112  2.74534916
 C   1.27137194 -1.39792113  0.815772156
 C  -1.80330306  0.421709875  1.59752816
 C   3.58431694 -1.25853013 -1.05666984
 C  -1.66979106  2.36461388 -1.89545084
 C  -5.42630106  2.32478688 -2.57819484
 C  -6.61986606  1.83409987 -2.06799984
 C  -1.16568606 -3.10239912  1.70408316
 C  -2.96085606  0.341709875  1.06539816
 C   2.92128994  1.87557387 -0.204662844
 C  -5.41878406  1.55385788 -1.38211784
 C  -0.443748063  2.35443688 -1.62737184

 14 -4906.37521
 Cu -1.55762531  0.399047437 -0.722371531
 Cu  3.43596269  3.41904844 -3.22155953
 Cu  1.14787969 -2.14989156  0.887821469
 Cu  0.809921687 -0.646088563 -2.84182253
 Cu -1.92696131 -1.29739756 -2.56693753
 Cu  0.249303688 -0.137468563  3.57247847
 Cu  2.40315869  1.63445344  1.39995547
 Cu -4.36140831  5.41228244  0.883661469
 Cu  1.55631869  1.91440044 -1.05221753
 Cu  1.24674269 -2.46237856  3.45907447
 Cu  3.09583069 -2.93091156  1.98569347
 Cu  0.261389688  2.13679344  2.42236247
 Cu -3.14237031  3.80683944 -0.133224531
 Cu  2.08639269 -4.19390156  0.0765854687
 Cu -0.833769312 -3.86747556 -3.02533453
 Cu -0.920700312  2.66481644  0.0186874687
 Cu -1.84474931 -1.83894056  1.27580447
 Cu  0.446347688  0.253510438  0.671422469
 Cu  2.51623769 -0.603630563  2.53165247
 Cu  0.876867688 -2.85145256 -1.53241653
 C  -0.330676312 -1.41321956 -0.0488545313
 C   1.65361269  1.01686244  3.02197447
 C  -0.499152312 -1.91665256  3.95674547
 C   1.77956269  0.924463438 -2.85603653
 C  -2.93074831  0.285234437 -2.50124553
 C  -2.45309031  2.35248444 -1.03795753
 C  -1.39243831 -1.90526256  3.06592547
 C  -1.47665031 -1.60149256 -0.661998531
 C  -0.288542312 -2.14873956 -2.87329553
 C   0.784171687  2.31803044  0.613471469
 C  -2.82768931  1.43173844 -1.91717053
 C   2.43687069  1.99489844 -2.85087353

 15 -4906.496
 Cu -1.15814447 -4.21258913  2.52361488
 Cu -0.598258469  2.30655388 -2.72174412
 Cu  1.81743653 -1.77256513 -1.90685312
 Cu -2.34823547  2.55930188 -0.921444125
 Cu -0.385543469  3.15001288  0.519484875
 Cu  2.63142353 -2.57354412  1.30137688
 Cu  0.845759531 -0.967640125  0.301528875
 Cu -3.85885247  3.72705288 -2.41850512
 Cu -0.498263469 -0.197623125  2.80974088
 Cu -1.51132047 -2.02367513  1.21985988
 Cu  3.77019553 -1.33262813 -0.611302125
 Cu  1.43033453  2.63710988 -1.15017812
 Cu -1.19655147 -0.046718125 -3.79959012
 Cu  0.530650531 -2.44438312  2.67178688
 Cu -1.68081847  0.433306875  0.471826875
 Cu -1.57293747  1.96486587  2.60608087
 Cu -1.83923447 -2.13351113  3.56743188
 Cu  0.833494531  1.79506687  2.28856588
 Cu  2.49488153  1.10579087  0.598682875
 Cu  1.94077253 -0.396608125  2.52604388
 C   1.25264453  1.66610087 -2.72487312
 C   1.42125553  2.64813287  0.699552875
 C   0.627969531 -4.59528013  2.30785887
 C   2.77153553 -0.751277125  0.798171875
 C  -2.01363447  2.25802088  0.870175875
 C  -2.28416247  1.42843188 -3.58695012
 C   1.72296953 -4.04411912  1.99740088
 C  -0.437575469 -1.04472613 -1.49176112
 C   0.804392531  0.480626875 -2.76047712
 C   0.263988531 -0.805353125 -2.67393013
 C  -1.11580047 -1.23565713 -0.432171125
 C  -2.66037147  2.41752287 -2.87940613

 16 -4906.45547
 Cu  2.15165281 -0.793640844  1.38121753
 Cu -1.77828819 -1.60581084 -0.765057469
 Cu  4.54767381  1.32630016 -0.735040469
 Cu -2.94131819  4.96282916 -0.128709469
 Cu -3.07022419 -0.212995844  0.988437531
 Cu  0.924403813  1.21152216  1.82788353
 Cu  2.65869281  0.764888156 -2.53168447
 Cu -2.71770819  1.93576116 -0.303106469
 Cu -0.943453187 -3.28878984  1.26500653
 Cu  3.32477281  1.67675016  1.45180353
 Cu  5.73076881  1.54281116  1.40093953
 Cu  4.49183981 -0.486342844  0.896960531
 Cu -0.188493187  3.09874516  0.704356531
 Cu -1.46262819  1.23990816  2.33514453
 Cu  3.07029981 -1.01052084 -0.936649469
 Cu -2.57590419  3.34541116  1.67001953
 Cu -3.39435719 -2.87987184  0.714550531
 Cu -2.86159419 -3.70777084 -1.84819447
 Cu -0.391090188 -0.831294844  1.62374853
 Cu  0.671427812 -1.26274184 -0.498634469
 C   3.04408681  2.23816516 -1.49049147
 C   2.37408081  2.50489216 -0.406733469
 C  -1.99286719 -1.69430884  1.19871853
 C   0.531962812 -1.34128384 -2.57328947
 C  -3.15594219  1.55098216  1.53731653
 C  -3.00013919 -4.63442184 -0.242542469
 C  -0.710776188 -1.83862784 -2.69427147
 C  -1.78457019  3.56849316 -0.133647469
 C  -2.09311019 -4.65040384  0.646486531
 C   1.68857281 -0.855525844 -2.37274147
 C  -1.80713019 -2.46162484 -2.68451847
 C   1.65935881  2.58851816  0.702722531

 17 -4906.55271
 Cu -4.17159556  0.175093781 -1.07812156
 Cu  1.50031444  0.892981781 -2.20402656
 Cu  1.93266044 -1.66163122 -0.691190562
 Cu -1.95709156  1.32777978 -0.983556563
 Cu  0.371579437  0.914215781  2.00297744
 Cu  4.52764644 -1.46146722 -0.687531563
 Cu  0.822965437 -1.22082722 -3.02269856
 Cu -5.42167756  0.486106781  3.57439844
 Cu  3.35398344 -0.673762219  1.27445444
 Cu  1.11115044 -1.68586522  1.73277944
 Cu  5.45482244  0.417979781  0.740662437
 Cu  4.26924644  1.30160478  2.62006644
 Cu -0.821920563  0.558507781 -2.96318556
 Cu  2.50084944  1.90983378  1.05699844
 Cu  3.17816644 -0.944971219 -2.63713856
 Cu  0.314247437  1.99959678 -0.293948563
 Cu -2.99512856  0.820292781  1.29422644
 Cu -0.764477563 -0.631007219  0.334966437
 Cu -1.56776356  2.95680778  1.12732144
 Cu  3.56508744  0.736402781 -0.841917563
 C   1.86930244 -0.326242219  2.75359244
 C   2.12135144  1.94453878 -0.780345562
 C  -1.15832956  1.18156978  0.836435438
 C  -4.91378956  0.424280781  1.86422544
 C  -0.767860563 -2.65887222 -0.460684563
 C  -1.79987956 -2.73601022 -1.28564556
 C  -2.71886056  0.312031781 -2.48164556
 C  -3.07304556 -0.939601219 -2.42831956
 C   0.308855437 -2.39455922  0.186217437
 C   2.41504844  0.833683781  2.83421744
 C  -4.87893656  0.255430781  0.618046437
 C  -2.60692056 -2.11392322 -2.01162956

 18 -4906.44071
 Cu  1.96821113 -2.96411931  3.1179995
 Cu -0.632294875 -2.32677831  0.5496125
 Cu  3.19023313 -5.25665331  3.3570335
 Cu  0.368918125  4.37557869 -2.2959485
 Cu -2.35826587  3.24176069  0.3840425
 Cu  1.10129513 -2.06636431 -3.3279805
 Cu -0.815000875  6.18417569 -1.3004465
 Cu -1.99596687  4.15618969 -1.8168345
 Cu -0.508630875  4.86553969  0.7000115
 Cu  0.987578125 -4.21407631 -2.2202275
 Cu -0.449266875  7.22147069  0.8021995
 Cu  0.956091125 -5.72759031  2.4932775
 Cu  1.24917612 -4.21091331  0.4368405
 Cu  0.182129125 -0.144733312 -1.9672355
 Cu  1.45555912 -2.02921731 -0.9112695
 Cu -2.82534887  1.84579469 -1.4920525
 Cu -1.01653188 -2.33389231 -1.9241935
 Cu -0.325369875 -3.70863431  2.5025345
 Cu -0.801623875  2.06311569 -2.7443005
 Cu  0.342206125  2.58825669 -0.3498285
 C   0.057710125 -3.44268131 -0.8421795
 C  -0.226771875  0.917267687  2.6268775
 C  -1.97603488  0.485550688 -2.5625335
 C  -0.004387875 -0.356954312  2.8129035
 C   2.25191913 -4.47436531  2.0058125
 C  -1.82889287 -0.770653313 -2.5133515
 C  -0.615095875  3.07122169  1.2597775
 C   1.21520113  2.71596969 -2.2594555
 C   0.717987125 -1.52627231  3.1572235
 C  -0.402485875  1.99963769  1.9704485
 C  -0.375900875 -1.65479131  2.3136695
 C   1.11365613  1.47716069 -1.9624265

 19 -4906.36995
 Cu -2.32417513 -2.64878456 -1.71374256
 Cu  4.35325988 -0.906480562 -1.60820756
 Cu  0.071338875 -2.97202356 -0.984178563
 Cu  2.24608887  3.45801744 -0.480297563
 Cu -1.26390412  0.443841437  0.520258438
 Cu -1.73715612 -1.66013556 -3.95658356
 Cu -0.003665125  2.60012344  0.534824437
 Cu  1.04862787 -1.24210256 -2.43233056
 Cu  2.32221587  2.27294644  1.68822744
 Cu -1.66361912 -2.25301856  0.655803437
 Cu  2.67043587  1.35875844 -1.65984256
 Cu  0.739006875 -1.79206956  1.03252244
 Cu  0.940897875  0.342334437  2.16885844
 Cu  0.561607875  4.05241944  2.60705444
 Cu -1.27085412 -0.262824563 -1.91449856
 Cu -3.35648612 -1.23727856  2.15564344
 Cu -4.81709713 -4.09859956  0.463794437
 Cu  2.40207088 -2.24132956 -0.567279563
 Cu  2.77174388  0.0576384375  0.403541437
 Cu -1.18019712  1.45730144  2.94149644
 C   2.55179588 -0.576442563 -1.51114456
 C  -0.942942125  1.40870744 -1.07008256
 C   0.052669875  2.12370644 -1.54281256
 C   1.44197087  4.13743944  1.01930344
 C  -0.688641125 -2.04602156 -2.49841056
 C   1.19744588  2.64963544 -1.89655956
 C  -0.639641125 -0.940865562  2.00018444
 C   3.27812888  1.89151844  0.125191437
 C  -3.95651113 -2.40068656  0.840961437
 C  -1.72088412 -0.394703563  2.51880644
 C   0.469732875  2.22986044  2.48146244
 C  -3.55326512 -2.81088156 -0.321963563

 20 -4906.55627
 Cu  0.973446531  0.421648156  2.88420031
 Cu  0.827207531  2.76432616 -1.57888169
 Cu -0.391469469 -0.541806844  1.02200531
 Cu -0.878124469  4.42793316 -2.92665769
 Cu -3.71840147 -0.188395844 -2.04593569
 Cu  0.869540531 -0.0415478437 -2.73102269
 Cu -4.76053647  1.43033616  1.93514331
 Cu  2.39401853  0.931509156 -0.538892687
 Cu -2.02539947  1.48252216 -1.92706469
 Cu  1.25636653 -2.32825184 -1.98621669
 Cu -0.904730469 -2.61339084 -0.761683687
 Cu -2.56005847 -0.988914844 -0.0140746875
 Cu -3.63277747  1.25031516 -0.114415688
 Cu  3.20360353  1.54318016  2.20504631
 Cu -0.944889469 -2.81030984  1.63525631
 Cu -2.58545647  0.554277156  2.04203131
 Cu -1.32907647 -1.22536784  3.47368631
 Cu  0.954157531 -2.15664784  3.08752531
 Cu  1.19770253 -2.49180184  0.458638312
 Cu  2.86885353 -0.976472844  1.35829631
 C  -0.739020469  2.63199116 -2.87695869
 C  -1.48727847 -1.79122084 -2.53831069
 C   2.36446453 -0.698852844 -1.61769669
 C   2.06740353  2.90280016 -0.238135687
 C   2.57235253 -1.26025584 -0.475426688
 C   3.01780753 -0.00507384375  3.20364931
 C   2.50924753 -1.15320084  3.42426231
 C  -0.132361469  1.50713416 -2.93206469
 C  -2.62524447 -1.67568884 -1.86194769
 C   2.75753953  2.56527116  0.755959312
 C  -0.861283469  0.379430156  2.63231131
 C  -0.257603469 -1.84547284 -2.95262469

 21 -4906.45548
 Cu -2.85569747  5.40364216  0.164667125
 Cu -0.519000469 -2.49452084 -2.05564188
 Cu -3.97012147 -1.99697084 -3.86703487
 Cu -2.58879747  3.09903816 -0.639494875
 Cu -2.15978047 -3.55889084 -3.50121687
 Cu  0.205231531 -2.02769984  0.332151125
 Cu -0.841846469  4.07400316  0.832208125
 Cu  0.545786531 -2.11359784  2.84484913
 Cu -2.20003847  5.24062016  2.46736012
 Cu -2.29338347  0.952537156 -1.57253987
 Cu -0.172387469 -0.130185844 -1.60035088
 Cu -0.248980469  2.38440916 -1.04212088
 Cu -0.969352469  4.71868316 -1.43452987
 Cu  1.63440953 -3.53214684 -1.20542988
 Cu  2.02951753 -0.828364844 -0.964744875
 Cu  2.73291853 -1.18872784  1.44350413
 Cu  2.90597453 -2.30051884  3.71549713
 Cu -0.500545469 -3.96866784  1.78011712
 Cu  1.94742653  0.880207156  2.65458213
 Cu  1.87677253 -3.55283684  1.35363112
 C  -1.86322447 -0.815649844 -2.23142387
 C   1.53766653  1.80693516 -0.095442875
 C   0.448546531 -4.31200284 -2.39233687
 C   1.27446153  0.980637156 -1.04332388
 C   1.87826153 -0.866089844  3.16662013
 C   0.291722531  3.58253716  2.52497412
 C   2.49815753 -2.37897584 -0.026272875
 C  -2.43379447 -1.78877884 -2.84943287
 C  -0.607450469 -4.45671784 -3.06891888
 C  -0.663720469  4.32810916  2.89532212
 C   1.28185953  2.68991816  2.24516113
 C   1.79940853  2.17006716  1.16961213

 22 -4906.35381
 Cu -0.0298178437  2.25963741 -2.86634438
 Cu -1.98208684  0.836733406 -2.46372638
 Cu -0.763985844  2.02682241 -0.504766375
 Cu  1.83877916  0.467887406 -3.13354638
 Cu -2.03851584 -0.0247955937 -0.228637375
 Cu  2.17214516  0.915400406  2.36391462
 Cu  1.47819516  3.79739341  3.37467262
 Cu -1.62996484 -1.02434459  2.51615862
 Cu -2.17386884  1.28060741  1.74896363
 Cu -1.70183584 -3.65037659  1.99691363
 Cu  1.34498716 -2.56292159 -4.04506538
 Cu -0.0564338437  2.64794341  1.91204763
 Cu  2.52108316  2.72468341 -1.92201337
 Cu -0.612371844 -2.47053359 -2.74946138
 Cu  0.755280156 -1.42547759  2.86624362
 Cu -0.00150384375  0.292276406  1.18751162
 Cu  1.51950216  2.00619841  0.133137625
 Cu -3.71651384 -0.819960594  1.33100562
 Cu  3.66454516 -1.11920459  1.16854863
 Cu  0.0616401563 -0.325677594 -1.68229137
 C  -3.03823284 -2.92446359 -0.618916375
 C  -1.81168084 -1.15481259 -1.82865437
 C   2.16865216 -1.01343959 -4.04776037
 C  -2.31129584 -2.35006959 -1.63305638
 C  -0.633217844 -2.55626759  2.93449262
 C   2.21004416  2.83134341  1.94407062
 C   1.14915616  1.38876741 -1.65720137
 C  -2.96065284 -3.58313159  0.610523625
 C  -3.81581884 -2.47984559  0.444889625
 C   2.84351216  3.38454541  0.865337625
 C   3.19407616  3.51453941 -0.356875375
 C   2.35620016 -0.889456594  2.33988462

 23 -4906.49491
 Cu -0.805534031  1.59086128 -2.00421253
 Cu  1.50587297 -2.89468072  0.0990714688
 Cu  3.57477097 -0.198626719 -2.26507153
 Cu  3.72883997 -2.43365172 -0.935964531
 Cu  1.54566097  1.12836028  1.52548547
 Cu -0.644546031 -3.06758972  1.13416947
 Cu -2.08466003  2.78675328 -0.413218531
 Cu -1.23193103  3.82995228  1.72049147
 Cu  1.75995197 -1.92242072 -2.21515753
 Cu -2.34623803 -1.26342672  1.53992547
 Cu -2.30003003  0.0435142813 -0.555268531
 Cu  1.16358197  0.408740281 -2.40737953
 Cu  2.52869397  1.76863628 -0.763486531
 Cu  2.40200597 -0.562282719 -0.232659531
 Cu  2.38306297 -1.21953772  2.01329547
 Cu  0.429065969  2.87809428 -0.0329055312
 Cu -0.0319370312 -0.919837719  2.27428247
 Cu -2.44046503 -2.55390072 -0.524342531
 Cu  3.92351997  0.669766281  1.13169847
 Cu -2.85163103 -1.19487872 -2.51471553
 C  -0.179034031 -1.22820372 -2.28995053
 C  -3.00759103  3.26647628  1.29769247
 C  -0.590016031 -3.24199172 -0.759501531
 C  -2.52688703  0.707222281  1.35342147
 C  -1.33176303  0.524083281  2.09589547
 C  -0.431004031  1.51714028  2.29397747
 C  -3.03921303  1.99360528  1.31267947
 C  -1.13894303 -0.278818719 -2.31760853
 C  -0.124129031 -2.48939072 -1.71141453
 C   0.204630969  2.59447128  1.93209847
 C   0.953641969  2.20606628 -1.68608653
 C   1.00225197 -2.44450472  1.90475947

 24 -4906.51953
 Cu -0.536650531  0.670456094 -3.89323022
 Cu -0.169079531 -1.54954991  2.41817578
 Cu  0.528027469 -2.50517391  0.105005781
 Cu  2.76414247 -2.51083091  3.02143778
 Cu -0.0134965313  1.84337809 -1.67453722
 Cu -1.85296953 -0.300378906 -1.76768622
 Cu  1.18369347  2.38710809 -3.99316622
 Cu -1.95402653  1.91677809  0.114061781
 Cu  1.96324647 -0.176282906  1.85328678
 Cu  1.81676847  0.156752094 -3.44411322
 Cu  0.283017469 -1.56102191 -2.31389222
 Cu  1.46436047  1.81655209  0.356930781
 Cu  2.29250547 -0.310695906 -0.941691219
 Cu  2.37825247 -2.91669491 -1.59391122
 Cu -0.170835531 -0.0751279063  0.0176757812
 Cu  2.34724247  2.00598809 -1.89434822
 Cu -3.24996453  3.26922209  1.66511478
 Cu -2.37710553 -2.89563491 -1.61050322
 Cu  2.99962747 -2.13423691  0.591878781
 Cu -2.01748653 -2.06055691  0.716635781
 C  -1.87124853  2.02713809  2.00984178
 C  -1.72923053  1.01903109  3.02557978
 C   2.18010547 -1.40097691 -2.56890122
 C  -2.17072453 -1.40966891  2.45654578
 C   1.63891547  1.67261609  2.28955978
 C   1.52563247 -2.06498491  1.75274478
 C  -0.767859531  1.98236809  2.95042278
 C   0.582901469  2.04790009  2.86163578
 C  -1.95742253  1.41742009 -2.93709422
 C  -1.90139253 -0.339460906  3.07811778
 C  -2.15418453  1.80435709 -1.73833322
 C  -1.05476153 -1.82578791 -0.913244219

 25 -4906.61449
 Cu  1.88345097  1.74963819 -1.21322566
 Cu  1.86791797  2.72534719  1.19573134
 Cu  4.19971897 -0.0964178125 -1.68729466
 Cu  1.76521697 -3.65872381  0.0663623438
 Cu  3.31336897 -3.23965081  1.82485434
 Cu  0.625104969  2.08510219  3.18485634
 Cu -3.18351403 -1.29841081 -1.35156166
 Cu -1.79652403  0.238999188 -2.89181666
 Cu  3.68352397  1.05091319  0.509752344
 Cu -0.507834031  2.27514319 -2.33336566
 Cu -2.24730703  1.50802219 -0.960028656
 Cu -0.0543880312 -0.346096812  3.15604634
 Cu -0.773414031  1.08672319  1.31909934
 Cu -0.506530031 -2.41541881  0.133018344
 Cu  2.09489997  0.462086188  2.20943634
 Cu  3.08994597 -1.46395381  0.240457344
 Cu -0.577059031  3.33357819  0.312733344
 Cu  1.23026497 -1.98820181  1.87968334
 Cu  0.910894969 -0.267184812  0.0238043438
 Cu -2.29385003 -1.01145381  1.12783234
 C   0.719634969  3.41232319 -1.47465366
 C  -3.76687303  0.620411188  0.671989344
 C   0.317321969 -3.87903081 -1.05434066
 C  -2.20132103  2.66301719  0.917492344
 C  -1.48570803 -2.61621681 -2.42670366
 C  -2.08839303 -1.63349181 -2.93877866
 C  -0.626088031 -3.38207281 -1.72817866
 C  -3.98338003 -0.509771812  0.141232344
 C   1.29096597  3.65916119 -0.355418656
 C  -3.11679903  1.78105019  0.918657344
 C  -0.407705031 -0.928883812  1.37177934
 C   2.62445597  0.0834651875 -0.789451656

 26 -4906.46859
 Cu -0.828204375 -0.109610687  2.41497897
 Cu -1.24462538  2.49744631  2.58366497
 Cu  3.85046263  1.84108331  2.15966697
 Cu  1.68783862 -0.333370687  2.03990997
 Cu  0.473256625  2.02772431  0.867668969
 Cu  2.67350463  1.38555831  0.0566079687
 Cu -3.51519238  2.32968731  1.78947997
 Cu -2.55115837  4.48921131  1.80996497
 Cu  0.904798625  1.75725131 -1.64125103
 Cu -2.09437038  0.605124312  0.322137969
 Cu -0.928688375 -2.39463969 -1.13534803
 Cu  0.286478625 -0.307133687 -0.0150040313
 Cu  3.23920363  2.83732831 -3.26524603
 Cu -2.09465338 -2.22239569  1.40262697
 Cu  4.46498763  2.29153831 -1.23459503
 Cu  0.347283625 -2.25292669  1.42219197
 Cu -1.05414638  0.173617313 -2.01792503
 Cu -1.68296438  3.02404531  0.107198969
 Cu -0.387597375 -5.32441769 -1.75226003
 Cu  0.828284625  1.61619431  3.37174597
 C   2.04679762  1.54379331  1.96152797
 C  -0.699080375 -3.86286369 -3.66399403
 C  -0.921539375 -2.57908269 -3.34817403
 C  -2.87065838 -0.640151688  1.91558697
 C  -3.38848037  0.512964312  1.98371497
 C  -0.781172375  1.57126031 -0.748974031
 C  -1.09886338 -1.41015069 -2.92278503
 C  -0.465813375 -5.09313969 -3.59131803
 C   2.74658763  1.87452531 -1.82143103
 C  -0.617983375 -4.41419569 -0.200854031
 C  -0.947275375 -3.49992269  0.616241969
 C   4.62298262  2.06564831  0.534242969

 27 -4906.63387
 Cu  0.0203330937  2.12977597 -0.201207594
 Cu  2.33708009  2.10914297  0.436676406
 Cu  0.588345094 -2.71349003 -0.346928594
 Cu  0.989708094  0.280175969  1.52905641
 Cu -3.52116491  1.31360497 -3.25671459
 Cu -0.623695906  2.56765097 -2.68132459
 Cu -0.831978906  0.0556839688  3.54011041
 Cu -2.23386691  1.65174797 -0.985837594
 Cu  0.685011094  2.57931997  2.27003441
 Cu -2.38544091 -0.631261031 -2.13200559
 Cu -0.408393906 -1.90308503  1.85015841
 Cu  1.43953209  0.889826969  3.79439041
 Cu -0.884681906 -0.195388031 -0.101064594
 Cu -0.0871939063  0.120553969 -3.02752659
 Cu  1.51093809 -0.105526031 -0.727167594
 Cu -2.92621891  1.13709797  3.62306541
 Cu  1.87208209  1.53823797 -2.54347959
 Cu -1.55042491  1.58129297  1.59124841
 Cu  2.25192909 -2.82870303  1.55207941
 Cu -2.69161391 -0.644568031  2.05975041
 C   0.948333094  3.30127197 -1.94998459
 C  -2.32556891 -1.89177603 -0.735874594
 C  -1.77084991  1.04749797 -2.83141059
 C   0.751425094 -1.00681003  3.50737741
 C  -1.22646291 -2.45328803 -0.0268705938
 C   2.60765109 -3.04016003 -0.260955594
 C   1.88492309  3.10243897 -1.10570059
 C   2.44454409 -2.41858803 -1.35314759
 C  -2.32698091 -1.83661403  0.677689406
 C   2.23715309 -1.42594403 -2.25051659
 C   1.39227709 -1.94106003  2.91342641
 C   1.83327209 -0.369060031 -2.82734559

 28 -4906.53384
 Cu  2.94846556  0.9233395  0.535932687
 Cu  0.291435563  2.8833135 -2.68433431
 Cu  1.97583256 -0.4941615 -1.33729731
 Cu  2.31641956 -1.3598345  0.865000688
 Cu -1.04065844  2.2983905  0.384848688
 Cu  0.462419563  0.2264735  0.614661687
 Cu  1.38344656  2.5351525  1.62918569
 Cu  0.822737563  3.7351905 -0.408940313
 Cu  2.29534156  2.0202265 -1.55292731
 Cu -2.09728644  0.1598995  1.15878869
 Cu  1.91320256  0.2833235  3.04071569
 Cu  0.287650563 -2.4757225 -0.406278313
 Cu -2.17882944  2.2468555 -1.79442731
 Cu  0.240821563 -1.4894695 -2.84578331
 Cu  3.16450056  3.4059615  0.267674688
 Cu -3.95543844 -4.2322905  0.669447687
 Cu -0.267109437  0.7032685 -1.72947531
 Cu -1.08588844 -2.5618115  1.68266169
 Cu -2.16728344 -0.7398095 -1.96703431
 Cu -2.30180244 -2.7328905 -0.521074312
 C  -1.97621044  0.6917245 -0.741765313
 C   1.60290156 -2.4221915  2.40957169
 C   1.38756056  1.3318085 -3.17313631
 C   2.26662556 -1.5139905  3.05293869
 C  -1.05875044 -2.2887055 -1.83411131
 C  -0.780774437  1.2034905  2.15273769
 C  -0.834347437  3.4223555 -1.24255031
 C   0.774577563 -2.8276175  1.44547169
 C   0.372834563  1.2863135  2.70259969
 C   1.26592556  0.0547165 -3.21600331
 C  -3.18796044 -2.7448915  1.35356869
 C  -2.84035944 -1.5284175  1.48933269

 29 -4906.51351
 Cu -0.597146375 -2.17726247  1.34001522
 Cu  2.75326362  3.99030053  0.314837219
 Cu -0.315502375  2.08731253  3.10370922
 Cu  1.34002562 -2.82829347 -0.711273781
 Cu  4.25618062  3.59691753 -1.56549178
 Cu -3.58785838 -0.272795469 -1.27842678
 Cu  1.83165362 -0.541153469  0.0927442188
 Cu  3.99961263  1.11221153 -1.98585278
 Cu -2.19722038 -1.84015547 -2.57596078
 Cu  1.56840362  1.94294953  4.52599022
 Cu  2.41679562  1.68083753  0.412575219
 Cu  2.54002062 -1.04018947 -2.18986978
 Cu  0.246461625 -1.79528247 -2.57769478
 Cu -3.22256538 -2.46261347 -0.488834781
 Cu  1.43954662  0.431206531  2.61208922
 Cu -2.13005438 -4.05299447  0.913403219
 Cu  2.09114462  2.63556153 -1.80101778
 Cu  0.620689625  0.720971531 -2.26588478
 Cu  1.91003663  2.94947353  2.35327522
 Cu -0.944417375 -3.46147247 -1.12193178
 C  -2.43382438  1.20306453  0.996184219
 C   1.26459762 -1.29392547  1.93744622
 C  -2.23701938  1.26489253 -1.50739978
 C  -2.82017138 -2.33309147  1.43680322
 C   2.28048262  0.686279531 -1.34006078
 C  -2.71940138  1.35557453 -0.320671781
 C  -1.76523937  1.38622953  2.21030322
 C  -2.28301338  0.134065531  1.89888222
 C  -2.30763638 -1.22887147  1.86246922
 C   1.37696162 -2.27354147  1.11291322
 C  -0.956715375 -0.339374469 -2.95718478
 C  -1.41809138  0.763168531 -2.43608378

 30 -4906.50315
 Cu -3.77395266  1.68619588  3.47856737
 Cu  2.19129834  1.66959287 -4.00618863
 Cu -2.26461466  1.88871688  1.49090638
 Cu  3.05531134  0.041627875 -2.21398363
 Cu  1.64180934  3.29012287 -2.24042663
 Cu  0.180859344 -3.45119613 -0.339101625
 Cu  0.695555344  0.892045875 -1.98624062
 Cu  2.82437434  2.09359487 -0.474142625
 Cu -2.63989466 -0.578172125  0.795817375
 Cu -2.53675866 -0.563685125  3.32078837
 Cu -0.934980656 -2.59984912  1.79587737
 Cu  1.02014734 -1.57606612 -1.85621663
 Cu -2.18489866 -2.77418813 -0.523686625
 Cu  2.32484234 -0.187088125  0.138532375
 Cu  2.36749234 -2.56738313  0.253877375
 Cu  1.04966634 -1.09350412  2.06109937
 Cu -0.253569656  0.890263875  2.95182638
 Cu -1.38532766  2.19045187 -1.37735962
 Cu -0.0364496563  1.05048388  0.473296375
 Cu -1.20598466 -0.517531125 -1.21349862
 C  -0.692503656 -2.33607513 -1.58135263
 C   2.11432334  1.58867987  1.19635137
 C  -0.321076656  2.69104688 -2.82837263
 C  -2.89803166 -2.11844013  2.33944737
 C   2.83113834 -1.51088912 -1.21337662
 C  -2.03593766  1.23911788  3.25486437
 C  -1.95441466  0.938023875 -0.113500625
 C   0.877827344 -2.84253313  1.34074238
 C  -2.99416066 -2.65307713  1.18353537
 C   1.43145034  0.883134875  2.01702937
 C   3.03716434  1.93301287 -2.33128063
 C   0.469296344  2.40356487 -3.79383063

 31 -4906.60526
 Cu -0.464089469  0.396478344 -0.252622781
 Cu  3.02626453 -1.20785266 -0.0905327812
 Cu  0.231531531  2.44873334  1.19138922
 Cu -0.251741469 -2.23729066  1.50988822
 Cu -2.63418947  1.21790834 -1.92796578
 Cu -2.20667047 -0.666576656  1.33468522
 Cu -0.210657469 -1.14659666 -3.23627678
 Cu  1.98157853  1.33103534  2.59385322
 Cu -2.29381047  1.86105834  1.52567922
 Cu -1.37864947  2.86543034 -0.593624781
 Cu  1.75411153 -3.33594666  0.174701219
 Cu -2.36633947 -1.24543466 -1.37743378
 Cu -0.163783469 -0.173016656  2.83240022
 Cu  0.989393531  3.31825734 -0.909577781
 Cu  1.60614253 -0.104457656 -1.77462578
 Cu -0.0921974687 -2.19008266 -0.951335781
 Cu -3.90487047  0.400572344  0.0262412187
 Cu  2.38204253  1.32578234  0.0555712187
 Cu  0.00307253125  1.57449234 -2.70920978
 Cu  1.54420753 -3.43419666  2.56832722
 C   1.24528253 -1.56339266  2.65434522
 C   0.271207531  1.83429234  3.18188922
 C  -1.41047547  0.558544344 -3.51764678
 C  -0.972342469  1.79822734  2.87003922
 C   2.07523053 -2.25579066 -1.46535578
 C  -1.56826347 -1.95875966  0.190107219
 C   1.28778753 -2.01736166 -2.45958078
 C   2.18442053 -0.789235656  2.11815122
 C  -2.14870747 -0.412435656 -3.13217478
 C  -3.01879147  1.98627034 -0.234177781
 C   2.93444153  0.0482203437  1.42589622
 C   1.56886453  1.77312434 -1.62102278

 32 -4906.46571
 Cu  2.93905172 -1.04737622  2.70483475
 Cu  1.06148472  0.643187781  1.88526475
 Cu  3.16039272 -1.21584522 -2.32555525
 Cu  2.62570472  0.586091781 -0.53583825
 Cu -0.973245281  0.0665577813 -1.87816325
 Cu  0.656915719 -1.86915422 -2.11760425
 Cu  2.57678972  2.37765278 -2.34264725
 Cu  0.904463719 -1.37570322  0.19187075
 Cu -3.13827928  0.505438781 -0.56857725
 Cu  1.26024372  0.335465781 -3.09212025
 Cu -1.51177828 -0.333189219  3.29325975
 Cu -3.98669928 -3.90983822  0.53087275
 Cu  3.31588472 -1.94683622  0.24761775
 Cu -2.28787028  2.02577278 -2.28830125
 Cu -2.20802828 -2.63762622 -0.49010725
 Cu -4.37464328 -1.56098322  0.15537675
 Cu  0.0968867187  2.37956378 -2.40873125
 Cu -1.07996028  1.79225478 -0.08991625
 Cu -1.31920128 -0.607863219  0.79163475
 Cu -2.84501828 -2.27227622  1.93282075
 C   0.388717719  3.19192078  0.37255475
 C  -3.00947928 -0.264269219  2.22331875
 C   0.886302719  3.74571778 -0.76264925
 C   2.49198472 -0.459794219  1.03574275
 C   3.06108972  0.600191781 -2.44684525
 C   1.48280572 -0.612837219  3.72664275
 C  -3.70180228 -0.0456732187  1.16143275
 C   2.22938772 -2.34748522 -1.19880125
 C  -0.784653281 -1.52225422 -0.87056125
 C   0.248837719 -0.381285219  3.76267175
 C   0.350725719  2.29544178  1.26633675
 C   1.48298872  3.86503178 -1.86583425

 33 -4906.53457
 Cu  3.48462484  1.72214619  1.21139622
 Cu  0.553417844 -1.29462981  2.80884522
 Cu  0.875308844 -0.429398813 -2.11712178
 Cu  0.768214844  1.82785819 -1.04949678
 Cu  1.08857884  1.40360019  2.32008622
 Cu -0.974133156 -0.106448812 -3.71682978
 Cu -1.25978116  0.0490861875 -0.719861781
 Cu -2.13560916  1.76803119 -2.28994078
 Cu  0.836555844 -2.64111481 -1.00109178
 Cu -1.03872616 -2.34845581 -2.73275478
 Cu -3.51578116  0.718365188  0.551990219
 Cu -1.28119316  0.0953381875  1.93042622
 Cu  3.01770584 -2.24558481  0.235900219
 Cu  1.64589884  3.32397119  0.849341219
 Cu  0.878056844 -0.332776813  0.538165219
 Cu -1.66112116 -1.93979181 -4.98342278
 Cu  2.88911384  0.367560187 -0.882908781
 Cu  2.83467984 -0.391473813  2.07698122
 Cu -0.823019156 -2.06946081  0.824533219
 Cu -2.73277716 -2.01715481 -0.895948781
 C   2.27911084 -1.41572281 -1.24554578
 C  -3.68885816 -0.426129812 -1.11790778
 C  -0.405808156  1.04117919 -2.34467578
 C   0.391767844  3.40963219  2.21838722
 C   2.53436284  2.14939619 -0.316448781
 C   3.01377784 -2.44900981  2.08535922
 C  -0.661160156  2.82171819  2.57738222
 C   2.22456584 -2.12991481  3.03014922
 C  -1.80949016  2.11983919  2.48214922
 C  -1.02428516 -2.82150981 -0.909897781
 C  -3.50535916  0.780929188 -1.49309178
 C  -2.79863916  1.45992719  2.07585322

 34 -4906.30227
 Cu -0.121287625  1.28465931 -2.45978794
 Cu  3.91839738  2.37017831  1.78724406
 Cu  1.97154838  0.846399313 -3.56894594
 Cu  1.94537938  2.19821931  3.44032906
 Cu  2.13356338 -0.304863688  3.45730906
 Cu -2.28008363 -4.83514269 -0.0048079375
 Cu -4.25991863 -4.26839969  1.12973606
 Cu  0.541431375  4.46936331 -0.734285937
 Cu  1.02861938 -0.848852687 -2.03202594
 Cu -3.57887163 -2.86195769 -0.739814937
 Cu -2.61962962 -2.38863569  1.47005506
 Cu  2.51099138  0.515286313  1.12165706
 Cu -1.85044262  0.374535312 -0.890454937
 Cu -0.968265625  3.59805031 -2.41979994
 Cu  1.42839438  3.24886031 -2.78698594
 Cu -1.56933963  2.94391031 -0.0364099375
 Cu  2.81586538  3.67544731 -0.895997937
 Cu  1.52705038  3.09155331  1.21395606
 Cu  2.12419637  1.24049731 -1.24417994
 Cu -2.66904862 -4.52714869 -2.41310394
 C  -0.446059625 -3.51164569 -1.53389894
 C  -1.67177462  2.05580831 -1.67872094
 C  -1.03747163 -4.63510369 -1.42859394
 C   3.29953137  1.02367431  2.90905306
 C  -2.36823462 -1.42977769 -0.255639938
 C  -0.420141625 -1.82943769  3.35371706
 C   2.95716238  2.14348731  0.169886062
 C  -1.57354962 -2.15081169  2.88983606
 C  -1.22014062 -1.58789069 -0.837856937
 C   0.743534375 -1.38013169  3.65512506
 C  -0.154897625 -2.19072069 -1.45044194
 C  -0.136507625  3.67059031  0.813850063

 35 -4906.41272
 Cu  2.49146897  1.69560575 -2.22388703
 Cu  1.61911297  0.93381875 -0.161207031
 Cu  1.33777397  0.92388875 -4.16770803
 Cu -2.18850503  1.76119275  0.00860796875
 Cu -0.0316620313 -0.88556125  0.268501969
 Cu -0.915925031 -0.37636225 -3.92281003
 Cu -1.63207703 -0.16050125 -1.54087503
 Cu -2.65847803  3.35184375  2.72186597
 Cu -0.205443031 -2.79421725 -2.52562503
 Cu -1.74682803 -2.08095925  1.80367397
 Cu -1.25940003  0.47575575  1.99138097
 Cu  0.273595969 -3.61122925  2.98891997
 Cu -2.56938603  1.31417175 -3.56716703
 Cu  1.03148797 -0.57884625 -2.06430503
 Cu -1.65506503  3.54556075 -1.62247403
 Cu  0.417706969  2.29839475  1.77884297
 Cu  0.0434089687  1.73738775 -2.13669803
 Cu -1.15320003  3.98459375  0.758187969
 Cu  0.396490969 -1.24418425  2.70659897
 Cu -0.782562031 -3.43149025 -0.173591031
 C   1.61336497 -2.57237325  3.77178397
 C  -1.90169703  1.71863575 -1.92717103
 C   1.00511997 -0.85476925 -4.52882503
 C   3.04187797 -0.43642525  3.49529797
 C   2.90693697  0.56815975  2.77361397
 C  -0.928735031 -1.85199725 -1.10753503
 C   0.869272969  0.32988375  1.60438197
 C   2.01266097  1.06697975  1.85898397
 C   0.610429969 -1.90782825 -3.93599603
 C   2.39379497 -1.57705025  3.75359897
 C  -0.918352031 -3.72711725  1.62293497
 C  -1.51719003  2.38503875  1.69869797

 36 -4906.41855
 Cu  1.05910744 -0.749680375 -1.90773359
 Cu -0.375192562 -1.58297538  2.25309841
 Cu -0.561235562  2.92823062 -1.13714659
 Cu -2.22351656 -0.055626375  2.89762341
 Cu -2.00384956 -2.68920538 -3.15834659
 Cu  2.42098644 -3.33945338 -2.55631359
 Cu -2.42352956 -5.01351837 -2.79322059
 Cu -0.297422562  0.893315625  1.24695841
 Cu  1.60418644 -0.928994375  0.712352406
 Cu  1.21282744 -3.13992438 -0.399447594
 Cu  3.14005744  3.13466362 -0.754608594
 Cu -1.28447356 -2.20138338  4.49961541
 Cu -0.348365563 -4.00214938 -2.30529059
 Cu  3.24116344 -1.42746638 -1.16410859
 Cu  2.56681544  1.27036562  0.824747406
 Cu  1.39594544  1.66446262 -1.49824759
 Cu -2.19899756  2.40827462  1.71286041
 Cu -1.17964556  0.690413625 -3.44818759
 Cu  1.06051744  3.31407662  0.452723406
 Cu  1.26240944  0.001796625  3.07515641
 C   2.36651144  0.177201625 -0.754220594
 C  -1.69912956 -0.988117375 -3.42418859
 C   0.767084438 -2.57257038 -2.16173259
 C   0.789322438 -2.53856737  1.28988141
 C  -0.690525562  2.71047162  0.739725406
 C  -0.586046562  2.45710062 -3.42373159
 C  -3.62970256  2.59493962  2.93219141
 C   1.93290744  2.81893762  2.10861141
 C  -1.54553556  2.87362162 -2.70401159
 C   1.60308644  1.77962562  2.75489941
 C  -2.05848756 -1.88724738  2.88876541
 C  -3.31727256  1.39938162  3.20132641

 37 -4906.38641
 Cu  3.06342075 -1.81463266 -0.519195344
 Cu -1.16642325 -1.91543766 -1.33710934
 Cu -3.68648325  1.13380834  1.26502266
 Cu -1.54781325  1.06633134  2.84906666
 Cu -2.90730925 -0.249508656 -0.580468344
 Cu  1.05812675 -2.97661366 -1.26624434
 Cu  0.58012375 -1.22630766 -3.05856134
 Cu -0.00942425  3.97411434 -1.04373234
 Cu -0.71396625  0.969069344 -1.71736934
 Cu  0.98934775 -0.424978656 -0.430880344
 Cu  2.79704775  0.0141393438 -2.25079534
 Cu -2.76806825 -1.06460666  1.74839266
 Cu  3.28790475 -3.26180066 -2.60417434
 Cu  1.18630775 -2.33633866  1.21034666
 Cu  1.59448075  1.96595834 -1.13694334
 Cu  4.06336575  1.89267234 -1.55740234
 Cu -0.53258125 -1.24420766  3.46758966
 Cu  0.78468575  1.58728234  1.41568366
 Cu -1.65981225  2.62570534  0.562248656
 Cu -1.30709225 -3.18716866  1.79330666
 C   2.41142475  2.30805934  0.860784656
 C  -1.35099425 -1.70275066  0.517016656
 C   2.24005175 -1.79598366 -2.33753934
 C  -1.19178525 -0.619870656 -3.06692934
 C   3.39075275  2.40288834  0.0601486563
 C  -0.15059025  2.23556634 -0.453096344
 C  -0.30291425 -0.880352656  1.00566766
 C  -3.30044325  3.05676834  1.59854966
 C  -2.20562325 -0.337847656 -2.34059534
 C  -2.67535125  2.53231634  2.58054466
 C  -0.20578125  0.0430663438  2.02351566
 C   0.23541575 -2.76933966  2.74315166

 38 -4906.52243
 Cu -1.82832675 -1.26594581 -1.99181947
 Cu  0.14978925 -0.478549813 -3.53053047
 Cu -0.53720575 -2.64627981 -0.449944469
 Cu  2.88256725 -0.163550813 -0.0529814687
 Cu -1.08235475 -2.37256381  1.96153053
 Cu -4.21885075 -0.810850813  1.64101853
 Cu  1.25213125  1.80893419 -1.06374747
 Cu -3.77911275  1.59797219  1.84804653
 Cu  2.93704925  0.168955187 -2.77380847
 Cu -3.01045875  0.333982187 -0.183516469
 Cu -0.27799075 -2.93574981 -2.83215647
 Cu -2.85699175 -2.26290081  0.0332435313
 Cu  0.33698625  1.00529619  2.34177553
 Cu  3.31952325 -2.49682481  0.159214531
 Cu -1.94247875 -0.105286813  2.17616753
 Cu  1.26588125 -1.68383881  1.03239953
 Cu  2.38049325  2.26507419  1.36096453
 Cu -0.33512775  0.0228431875  0.0325295313
 Cu -1.79220875  2.20450719  3.05773453
 Cu  1.62883125 -1.79671481 -1.48632147
 C   0.87190525  3.87614519  3.57727853
 C  -1.01572575  0.617410187 -2.59795247
 C  -0.07698675  2.89742219  3.26361553
 C   3.16826325  1.88668119 -0.277277469
 C   1.26370425 -2.24355081 -3.64323947
 C  -1.82441475  0.995585188 -1.48315947
 C   2.08886725 -1.27278881 -3.56101347
 C  -0.50284475  1.46764219 -1.57663847
 C   1.23250925  2.80448219  2.72490653
 C  -0.12076275 -0.749709813  1.84088753
 C   3.32592725  1.39371819 -1.44204747
 C  -2.90258675 -2.06154481  1.89484153

 39 -4906.62912
 Cu  0.3448495  1.22406356 -2.65682537
 Cu  1.9026055  1.65961756 -0.518985375
 Cu -0.5251365 -3.90545244 -2.07297537
 Cu  0.6342975 -1.44883244  3.00359063
 Cu  1.8006905  0.0676345625  1.54763263
 Cu  0.7187995 -1.46592244 -2.55778038
 Cu -0.7964725 -0.0387154375  1.67512862
 Cu  0.7427745 -0.793934438  5.26852662
 Cu -1.0038175  3.30497056 -1.71071638
 Cu -1.5257955  2.06719856  2.97608162
 Cu -1.8267895 -0.767466438 -2.77349137
 Cu -2.0419245 -4.96597044 -3.51949437
 Cu -1.3381545  0.884086562 -0.751351375
 Cu  0.5606685 -1.80185244  0.529059625
 Cu  0.1348005  3.25806356  4.50663962
 Cu -1.2049675 -2.89620444 -4.20303438
 Cu -0.1404275  2.45327356  0.877285625
 Cu  2.0662235  2.51613556  2.19224763
 Cu  2.9733835 -0.916448438 -0.569250375
 Cu  0.6523965  0.952349562  3.67488663
 C   3.5093745  0.621431562  0.313190625
 C   1.8375815 -2.27531844 -1.05791338
 C  -2.9795385 -0.249318438 -0.022444375
 C   0.2765425  2.70483456  2.76362562
 C  -0.5707745 -1.16854144 -4.31853838
 C  -0.0019295 -0.107051438 -3.90684637
 C   0.8202525 -3.03868744 -1.16678037
 C  -2.7242895  0.832064562  2.30700663
 C  -2.7892115 -0.539264438 -1.23076538
 C   3.2968625  1.57999956  1.12361663
 C   0.1527535  2.08669256 -0.984066375
 C  -2.9556275  0.166564562  1.26274062

 40 -4906.40506
 Cu  0.398696906  0.615049719 -3.50318331
 Cu -1.06303009  2.06386672  2.12687269
 Cu  1.59360791 -2.32661228  0.382013687
 Cu  1.14751991 -2.28283728  2.93493869
 Cu  3.03725691 -1.19176228 -3.00710531
 Cu -0.730457094 -2.45414028  1.27616269
 Cu  3.19557491 -3.12200828  2.00853069
 Cu -2.43099609 -1.91312528  2.92260069
 Cu -2.58214109  0.213285719  1.42245069
 Cu  2.35377391  1.45529772  1.03234969
 Cu  0.608438906  3.16225572  0.213771687
 Cu -2.28316509  0.573197719 -3.23212131
 Cu  0.639366906 -1.31483428 -2.03762231
 Cu -1.84752909 -1.43483128 -0.650181313
 Cu  0.530083906  0.161145719  2.50152569
 Cu  0.239274906 -0.0203612812  0.0646636875
 Cu -0.846918094 -0.715504281  4.24984769
 Cu  2.71725491 -0.264164281 -0.710249313
 Cu  1.67067291  1.84740972 -1.59811431
 Cu  2.86321591 -0.753215281  1.77284369
 C  -0.0468640938 -2.07339328 -0.504426313
 C  -0.400342094  2.61476972 -3.60008731
 C  -2.57191909 -1.77803328  1.11037869
 C  -1.59546709  0.478280719  3.03852169
 C  -2.98595609  0.0528267188 -1.61939531
 C  -3.15679209  0.230100719 -0.382164313
 C   1.89158891  0.121626719 -2.42284331
 C   0.266378906  3.31895672 -2.65793531
 C  -0.643692094 -2.33565028  3.36477569
 C   0.480573906  1.59404472  1.18175769
 C  -1.14728309  1.74290272 -4.12613531
 C   0.699271906  3.73545572 -1.55244131

 41 -4906.62308
 Cu  3.27869941  0.991541344 -0.821886688
 Cu  2.55389341 -1.38544566 -0.726187688
 Cu  0.908269406 -3.20617866 -1.31032169
 Cu  2.26701641 -1.25204466  1.82189731
 Cu  1.05639741  0.449335344 -1.91676969
 Cu -1.76839259  0.473129344  0.508879312
 Cu  0.268304406 -0.954665656  0.292526312
 Cu -1.96843559 -3.70312066  1.81615831
 Cu -1.41754459 -1.33990366  2.20038431
 Cu  0.412327406 -3.03338066  2.06665931
 Cu  0.150740406  0.634304344  2.22985731
 Cu  0.362536406 -4.90948166  0.561509312
 Cu  2.34130941 -3.47060366  0.662459312
 Cu -1.14414359 -1.21829966 -1.64346769
 Cu -1.25229759 -3.42113766 -0.414680688
 Cu -2.92493759 -1.88365766  0.352109312
 Cu  2.58745741  1.21359134  1.61420731
 Cu -0.282144594  3.77544634 -2.12982769
 Cu -1.30824059  3.27119734  0.255756312
 Cu  1.17203241  2.52666834 -0.204785688
 C  -2.83429959 -0.532522656 -0.965334688
 C   0.785291406 -1.38569966 -1.61881269
 C  -0.0621725938  2.70675634  1.49377531
 C   1.11623541  2.38891634  1.88241731
 C  -2.84314259  3.08347534 -1.25009969
 C  -1.99704559  4.00679234 -1.47050069
 C   2.29829141  2.11682234 -1.95989869
 C  -3.28444959  0.703194344 -1.03274669
 C   3.30215241 -0.240890656  0.595310312
 C   0.465757406 -1.20206566  2.48163931
 C   1.29685641  2.83852834 -2.26682169
 C  -3.53632159  1.95939934 -1.10340369

 42 -4906.51049
 Cu  2.66108341  2.83933175 -0.982606375
 Cu  0.626061406 -2.58253425  1.30254462
 Cu  0.519157406 -0.22914425  0.701989625
 Cu  2.90700641  3.25049875  1.55943762
 Cu  3.10315441 -1.16099425 -0.212993375
 Cu -0.574465594 -1.99059425 -2.60953137
 Cu  1.42257441 -2.56029525 -1.30713838
 Cu  2.44745141 -0.86070425  2.26201362
 Cu  1.23364941  1.37304575  2.55544363
 Cu  1.77749141  0.54364275 -1.44661538
 Cu -1.48724559 -1.49932325  1.66164362
 Cu -3.28463959 -1.44683925 -0.259681375
 Cu -1.28756559  0.68667275  2.66119562
 Cu  0.362754406  2.47806975 -1.96253438
 Cu  2.94340541 -1.15666225 -2.75516738
 Cu -0.133632594  0.37122975 -2.97786537
 Cu -1.12219659 -2.65181525 -0.374032375
 Cu  0.864939406  2.48255575  0.455208625
 Cu -2.39499159 -0.16115625 -2.37002638
 Cu  2.92159041  1.02427775  0.769061625
 C  -1.79304459  2.75623275 -0.105721375
 C   2.73974741 -2.54817325  1.39636962
 C  -4.23193259 -0.51161625  2.69669162
 C  -1.12925459  2.62214475  1.00506662
 C  -0.427466594  2.28319075  2.06580562
 C  -1.52686259  1.61831975 -2.40550138
 C   1.10249441 -1.03553725 -2.52810138
 C  -2.24099159 -1.91739925 -1.74127938
 C   2.36665041 -3.08777825  0.297874625
 C  -2.87314059 -0.35494925  2.52336962
 C  -1.75744459  2.30515775 -1.32882338
 C  -3.73433659 -0.87885425  1.45390262

 43 -4906.54261
 Cu  0.9119935  0.251801031  2.66553888
 Cu -2.7485535 -0.476438969 -1.67226212
 Cu  2.5254915 -1.17277797 -0.925556125
 Cu  2.2948305  1.49590103  0.081846875
 Cu  1.1676655  0.593473031 -2.12114512
 Cu -1.2119035 -3.64275097 -2.77938113
 Cu -0.6988925 -1.61641797  1.62508588
 Cu  0.8159905 -2.77102097 -1.37362912
 Cu -0.8245805  2.05700203  2.35930088
 Cu  1.6888505  2.73669703  2.41748888
 Cu -1.4082025 -2.93589697 -0.404942125
 Cu -0.5666365 -1.18313297 -2.71841012
 Cu  4.1754015 -3.31717197  1.15674288
 Cu -2.2821495  3.59542103  0.668576875
 Cu  0.3455875  3.21678303  0.313116875
 Cu -1.0494885  1.82473503 -1.29169412
 Cu -2.9401305 -2.16537697 -3.65872412
 Cu  2.8956795 -0.569338969  1.37542688
 Cu -2.2050875  0.715399031  0.768248875
 Cu  0.1566625  0.152457031  0.165538875
 C  -2.1811665 -2.23409997 -1.98054912
 C   0.8387555  2.06857603 -1.06463612
 C   0.1600085 -3.12893897  0.680427875
 C   0.2305495  3.95049103  2.32957888
 C  -3.0264425  2.34828703 -0.482766125
 C   1.4252255 -2.89569697  0.743744875
 C   2.4889225  1.12990603  1.97584088
 C   1.3040845 -1.22582197 -2.40171512
 C   2.6742465 -2.36214697  0.743984875
 C  -0.9141505  0.190186031  2.06357788
 C  -0.9152785  4.14261503  1.81304988
 C  -3.1272825  1.22729903 -1.07170712

 44 -4906.5872
 Cu -1.93186422  2.54374762  1.63597078
 Cu  0.300993781  3.63268563  1.90253978
 Cu -0.193427219 -1.68893638  1.00503178
 Cu  2.15292278  1.76193762 -1.08406822
 Cu -2.02136022 -2.65793537 -0.590803219
 Cu  0.951910781 -2.04992337 -2.63926122
 Cu  2.09866278 -1.93240138 -0.489276219
 Cu  2.45922178  0.048741625  1.01381478
 Cu -1.58894222  0.421236625 -2.56717922
 Cu -2.07254522  0.144734625  0.144575781
 Cu  1.68176778 -3.53134737  1.34592978
 Cu  0.318460781 -3.58130938 -0.842676219
 Cu  2.83027478 -0.527558375 -2.37062522
 Cu -1.21968322  0.474503625  2.85198778
 Cu  0.536538781  0.155522625 -3.74429122
 Cu  1.07214778 -0.900315375  2.96539478
 Cu  0.487856781 -0.036369375 -1.05920622
 Cu  1.10131078  1.48565762  2.60558278
 Cu -0.188375219  2.40878762 -0.316693219
 Cu -1.87436822  2.50298163  4.30804478
 C   2.32131678  1.91903362  0.923373781
 C  -2.00093922 -0.969856375  1.95434478
 C  -2.32012622 -1.72243338  0.974152781
 C  -2.04481922  1.63598262 -1.25285522
 C  -0.921051219 -1.02802838 -3.68191922
 C  -1.07728922 -2.16184637 -3.02550722
 C   1.71878278 -1.67251638  1.36241578
 C  -2.28690822  2.27125563 -0.166728219
 C  -1.01243622 -3.12508737 -2.13227322
 C   1.54016678  2.90100563  0.628394781
 C   1.77692478  0.954083625 -2.68990422
 C  -0.595125219  2.32396663  3.03171278

 45 -4906.40526
 Cu  3.03819397  1.97126553 -1.94093984
 Cu -2.99401103  0.386826531  3.36599516
 Cu  5.11260197  2.17029353 -3.44396884
 Cu  0.638333969  2.18303953 -2.88409584
 Cu  0.888750969 -0.590138469  2.72914316
 Cu -2.64189303 -0.403248469  1.07516716
 Cu -0.929174031 -0.00848546875  4.56526916
 Cu -1.04022003 -2.44776147  3.73487316
 Cu  0.209352969 -0.337142469 -2.74132984
 Cu -3.23716803 -2.03095447  2.82349616
 Cu  2.28902797  0.532602531 -4.26225084
 Cu -3.55654503 -2.78970247  0.494175156
 Cu  0.948383969  1.12732453 -0.419905844
 Cu  2.22249697  1.61300053  1.53169516
 Cu -1.24863203 -0.304826469 -0.855937844
 Cu -1.34060703  1.99754053 -0.215075844
 Cu -1.14764303 -2.73240447 -1.49084384
 Cu -1.10858303 -2.74392347  1.22205116
 Cu -3.03698603  1.99023553  1.49805216
 Cu -0.802997031  1.27784653  2.21174716
 C   3.43127797  2.24769953 -4.10345984
 C   1.28932697  1.45483953  3.10613316
 C   2.21520397  2.53539853 -3.83297884
 C   0.794419969 -2.04101747 -3.65957684
 C  -0.451922031  1.20722153 -1.74536484
 C  -2.10902003 -1.83755647 -0.153349844
 C   1.55623497 -1.11547347 -4.16609684
 C   0.446883969  1.10410153  3.99359916
 C   0.203200969 -2.22001747  2.38430216
 C   2.73559497  1.68812653 -0.208850844
 C  -0.00991003125 -2.70590647 -2.88031184
 C  -2.36397503 -1.17880347  4.26863916

 46 -4906.40623
 Cu  1.92436056  0.0456142187  1.11217109
 Cu -1.80871344 -2.38781878  3.50519009
 Cu -0.0508424375  1.01313922 -2.40387791
 Cu -1.27508344 -2.19881478 -1.84643891
 Cu -1.29247044  0.772470219 -0.0149159063
 Cu  0.0468425625 -1.68206878  1.29459309
 Cu  1.63912556  3.61372922  1.73206009
 Cu -3.08888344 -3.26622678  0.572618094
 Cu  0.976547563  2.10317622 -0.202306906
 Cu  2.10636956  1.57277522  3.17735009
 Cu  0.813184563 -0.803127781 -0.909491906
 Cu -3.97429244 -1.07463278  3.06394609
 Cu  2.78173356  0.896466219 -1.11510591
 Cu -0.139742437  1.32852222  2.22265809
 Cu  2.24164756  0.662687219 -3.57431091
 Cu -1.14630044  2.82785422 -1.28629191
 Cu  3.05227556  3.73579222 -0.350179906
 Cu  0.915566563 -0.519547781  3.38729409
 Cu  3.35739656  1.98245222  1.18723309
 Cu -2.35275544 -1.03345978  1.19656709
 C   3.23757556  1.99488622 -2.78848991
 C  -0.163126437  3.26113522  1.39680009
 C  -0.0318924375 -1.17764778 -2.83660891
 C  -1.02707144 -1.08908578 -0.211510906
 C   0.861754563 -0.540004781 -3.46225391
 C  -1.02622544  2.59111922  0.707515094
 C   3.40961656  2.91091422 -1.93979791
 C  -3.16925944 -2.50654778  2.25806609
 C  -2.66468544 -3.66117378 -1.12233291
 C  -1.70835944 -3.56763778 -3.49153191
 C  -2.34101844 -3.81239178 -2.36767891
 C  -0.103274437 -1.99254678  3.10906309

 47 -4906.54743
 Cu  2.33671606 -0.860888625 -1.07387925
 Cu  1.18024106 -2.14645362  1.69210475
 Cu  1.62390106 -2.65370263 -2.90652225
 Cu -1.01514994  1.31996738 -1.58351025
 Cu  0.158896062 -0.326087625 -2.86559025
 Cu -2.31633594  0.534879375  2.55346675
 Cu  1.42429006  3.95493537  3.46529475
 Cu -1.11185294 -2.39762962 -3.56019925
 Cu  1.25102306  2.42038338  1.13789375
 Cu -1.29529594  2.47837037  0.57863575
 Cu  2.98887506  2.03612238  3.18739975
 Cu -3.03383194  3.03982837  2.44502875
 Cu  1.61985806  1.36461838 -1.60058525
 Cu -1.39737894 -1.45326763  1.11470675
 Cu  2.53511506 -0.056966625 -3.40096125
 Cu  0.569217062  0.385878375  3.03714275
 Cu  0.499478063  0.205715375  0.37582775
 Cu -2.68039794  0.378459375 -0.02046425
 Cu  0.0468750625 -2.16701862 -0.75009625
 Cu -0.687399938  2.63078738  2.99140175
 C   0.312010062  2.11251538 -0.47907625
 C   2.01544006 -2.93696063 -1.13078725
 C   0.465024063 -1.98301862 -4.45614225
 C  -1.95972794 -0.324724625 -1.79293425
 C   1.50776206 -1.24615863 -4.45851625
 C  -2.97888094  1.72617837  1.22006275
 C   1.99101906 -2.64903662  0.10942575
 C  -0.117852938 -1.54757462  2.86049975
 C  -1.87484694 -1.44301963 -0.74505725
 C  -2.05833194 -1.70460462 -2.11502525
 C   1.17177606  2.17565738  3.05471675
 C  -1.17023294 -0.867183625  3.11573875

 48 -4906.47121
 Cu -0.588981063  3.77505888  0.713154219
 Cu  2.04025594  2.45970688 -2.24263978
 Cu  3.12550094  0.880981875 -0.676774781
 Cu -0.328993063 -2.18446112  1.52820122
 Cu -2.54865306 -2.10243013  0.495069219
 Cu -2.37723406 -1.58913112  3.10111122
 Cu -2.01471906  0.644487875  1.65707522
 Cu -0.325940062  0.461714875 -0.195730781
 Cu  0.113519938  0.646581875 -2.79815978
 Cu -2.12547906  1.67483487 -2.55800378
 Cu  1.20869094  2.16142187  0.674004219
 Cu -0.289486062  3.00649987 -1.66942378
 Cu  1.55082494 -0.938691125 -1.48379878
 Cu -2.95066906 -0.098255125 -0.971508781
 Cu  4.04253894  3.82407687 -0.975722781
 Cu  1.46078494 -3.70729913  2.16143522
 Cu  1.55588794  4.26301788 -0.602583781
 Cu -0.795894063 -1.59506712 -1.41208878
 Cu -1.00146906 -3.78248613 -0.331292781
 Cu -2.19896606  2.25349688 -0.198083781
 C   1.94525294  0.644643875 -2.42214378
 C   1.60463994 -2.87314413  0.458623219
 C   3.26557094 -0.897952125 -0.0717367813
 C  -1.58562606 -0.081283125 -2.28414478
 C  -3.75562606 -0.421931125  0.712133219
 C  -0.679489063  1.88940187  1.11357622
 C  -0.869887063 -2.53376412  3.53747422
 C   2.73318294  2.73015688 -0.364511781
 C   0.164584938 -3.23906012  3.39284422
 C   0.539838938 -2.57136612 -0.377285781
 C  -3.53392406 -0.756047125  1.92259422
 C   2.61996094 -1.94371413  0.168339219

 49 -4906.48522
 Cu -0.963216437  3.13681959 -3.45863578
 Cu  1.25383756  2.62800959 -2.65556178
 Cu  2.22124056 -3.38401641 -1.21637778
 Cu -1.61948044 -3.01770341  1.89822422
 Cu  0.706534563  1.30552959  0.975157219
 Cu -2.88472044  3.02230559  0.153594219
 Cu -0.458914437  0.509712594 -1.35708678
 Cu -2.71546844  4.03032259 -2.01382478
 Cu -0.653690437  2.96448259 -1.06053478
 Cu -1.74772944 -2.81799141 -0.578533781
 Cu -2.65486044  1.64160959 -1.96230278
 Cu  1.98275156  0.336200594 -1.86359178
 Cu  0.307135563 -3.73298341  0.532972219
 Cu -1.80251544 -4.95127841  0.522470219
 Cu  3.14861756  0.667654594  1.29750022
 Cu  2.43860156 -1.98812141  2.37046322
 Cu  4.76281756  2.28363059  0.684614219
 Cu  2.67865756  2.30150559 -0.435909781
 Cu  0.178058563 -1.84266041 -1.73798478
 Cu  0.0349235625 -0.979742406  2.09211022
 C   0.937565563  1.80565459 -0.980974781
 C   1.97012756 -2.86588741  0.702972219
 C  -0.818341437  1.96146959  1.94237122
 C   2.00044456 -1.43074541 -1.23197878
 C  -1.70448844 -1.26418841 -1.66422578
 C   1.68912256 -0.526863406  1.19871422
 C  -1.85894144 -1.40687541  2.72798822
 C  -2.30074344 -0.177544406 -1.93654978
 C   1.84583656 -1.52841341  0.165679219
 C  -1.94776444 -0.154693406  2.75144922
 C  -2.16188344  2.30970259  1.71021022
 C  -1.86351444  1.16509859  2.42758322

 50 -4906.46299
 Cu -0.906176094  3.15718287 -2.25038566
 Cu  2.42738891  1.33612687  0.463276344
 Cu -0.796447094 -4.53191112  0.860984344
 Cu  1.22656891  0.854853875 -1.88967466
 Cu -1.15263809  2.73702588  0.371120344
 Cu  0.886502906  4.17903088  1.21910634
 Cu  0.742414906 -2.88817613  2.26009034
 Cu -1.40730409  1.69601388 -4.37415066
 Cu -2.39254509 -1.11664613 -1.02048166
 Cu -1.53878009  0.321583875  1.16081034
 Cu -0.0282910938 -0.868688125 -0.293718656
 Cu  2.09502491 -1.17548012  0.900641344
 Cu -1.21933409 -1.62396812  2.92488734
 Cu -0.485765094 -2.79916412 -1.98852966
 Cu  0.383275906  1.76540287  2.09110134
 Cu  1.86693991 -1.67007513 -1.70749966
 Cu  2.34959191  0.283180875  2.90396434
 Cu -0.121719094 -0.297319125 -3.61581766
 Cu -1.33898809  0.983654875 -1.29505866
 Cu -2.20614809 -2.54524012  0.941069344
 C   0.913536906 -0.966322125  2.48118934
 C  -0.338113094  1.48147988 -2.91073366
 C   2.73044091  2.04551487  2.44135234
 C   0.659266906 -1.83526813 -3.05805966
 C  -2.32587609 -3.01369413 -1.13333966
 C   2.13555491  3.03304187  1.90835234
 C   2.27230291 -0.160852125 -0.673801656
 C  -1.06697909 -3.40139412  2.31548434
 C  -0.111032094 -0.088468125  2.46556534
 C  -1.67270709 -4.04097112 -0.739560656
 C  -1.04399509  4.44879588 -0.942896656
 C  -0.535972094  4.70074888  0.184713344

 51 -4906.4334
 Cu -2.70944094  1.47058322 -0.373424469
 Cu -0.773426938  1.48406222 -1.98545047
 Cu  0.943099062 -2.21449778 -3.64497247
 Cu  2.91817906  1.17311222  0.971948531
 Cu -0.619606938 -0.289278781 -3.84845347
 Cu -0.791553938  1.24262622  2.79899953
 Cu -2.61517494 -0.116883781  1.66122053
 Cu  1.34137306 -2.28049578 -0.200310469
 Cu  0.713973062 -0.951164781  3.27701453
 Cu -2.36715494 -1.23778678 -1.83650247
 Cu  1.27201306  1.37048722 -3.34244847
 Cu  2.68942906  0.602853219  3.38117953
 Cu -0.432617937  2.49336522  0.394020531
 Cu  2.44536006 -1.16394178  1.63155753
 Cu  2.02782106 -0.740221781 -1.95424547
 Cu  1.29293806  2.39162422  2.41912453
 Cu  1.86139106  3.42947222  0.315944531
 Cu  1.43372506  1.44154422 -0.972246469
 Cu -2.05930994  3.35915422  2.06351453
 Cu  0.314435063  0.168754219  0.823658531
 C  -1.39853294 -2.66480078  0.740389531
 C   1.31538506 -2.67410378 -1.97058647
 C   2.08768506 -0.233499781 -0.0652604688
 C  -2.25847594  0.286189219 -3.13672247
 C  -2.79450694  0.859630219 -2.13002147
 C   1.26216806 -0.407698781 -3.79588647
 C   0.877923062 -2.38810878  1.87580253
 C  -0.126672937 -2.84404678  1.21820253
 C  -2.22015894 -2.27939878 -0.305134469
 C  -2.49703194 -1.84548578  1.00824053
 C  -2.00112494  1.65232422  1.35189053
 C   0.867893062  0.905632219  3.62895753

 52 -4906.56134
 Cu -3.18479788  1.0611115  1.60530828
 Cu -1.04620188 -2.9196265 -0.166068719
 Cu -1.04446788  1.5493145 -2.17864572
 Cu  2.31801813  2.0628165 -4.28671372
 Cu  2.30901713 -0.0617625 -1.43520772
 Cu  1.22650012 -1.7457295  0.318211281
 Cu  1.25021012 -4.0947695 -0.879549719
 Cu -2.16793688  0.0651145  3.66916228
 Cu  0.690597125 -2.0101175  3.29526928
 Cu  0.757554125  0.4609595 -3.37831972
 Cu -1.85194588  2.6099145  0.0910622812
 Cu  0.167166125  1.0808265 -0.142498719
 Cu -1.40716288  2.2268085  2.80820528
 Cu  0.220477125  3.1492555 -3.74603772
 Cu  1.64245612  2.3932295 -1.95216372
 Cu -0.399073875 -0.8141135 -1.64607872
 Cu  0.133241125  0.2963655  2.32846828
 Cu  1.59762112 -1.9845585 -2.63305672
 Cu -1.61423088 -0.7298295  0.815080281
 Cu  3.01541513 -0.3386655 -3.78310172
 C  -2.27203588 -1.8535925  3.91527928
 C  -2.06642687 -2.6986435  1.35166928
 C   2.45772112  0.8081425  0.523737281
 C  -1.80383288  3.4221955 -1.57099872
 C  -1.29708788  1.1767495  1.24037028
 C  -1.25068488  3.5765635 -2.69736372
 C   2.21789112 -0.1057665  1.49679128
 C   1.87206912 -1.0127945  2.31627928
 C  -1.05068987 -2.3281545  3.80442628
 C   0.399654125 -2.5379615 -1.30189672
 C  -2.12992888 -2.4132665  2.58554628
 C   2.31089612  1.7099845 -0.367164719

 53 -4906.3099
 Cu  1.58592528  1.40800272  3.07951359
 Cu -3.76236272 -0.815427281 -1.85230141
 Cu  0.984178281  1.53209472  0.564710594
 Cu  3.39176528 -0.193535281 -1.07389741
 Cu  3.31130228  0.822738719  1.31502259
 Cu -1.70676872  0.178270719 -2.89628641
 Cu  5.21218728 -1.81056128 -0.154049406
 Cu  1.61837128 -2.27794828 -0.265413406
 Cu  3.01075728 -0.444069281  3.39194459
 Cu -3.25674072  0.847800719 -0.0596614063
 Cu -2.97021872 -0.127582281  2.31005359
 Cu  1.61604328  1.48709372 -1.86422041
 Cu -1.38010972  1.38284472  1.36103759
 Cu -2.15669372  3.50571272 -2.32301241
 Cu -0.383177719  2.17758072 -3.54637941
 Cu -0.970105719  0.736200719  3.65087859
 Cu -0.949777719  1.72765372 -0.991942406
 Cu  3.29935228 -1.87470028  1.41423659
 Cu -3.60453072  1.55610472 -2.34081441
 Cu  0.146530281 -0.601279281 -1.14825341
 C   0.0160192812 -1.55985528  0.636702594
 C   0.609807281 -0.834389281  1.80069059
 C   0.168669281  0.511325719  2.14979559
 C  -2.25856472  2.10266872 -3.55310241
 C  -3.19574872 -2.32578628 -1.00320441
 C   2.68549028  1.40829772 -0.358357406
 C  -2.56565272 -2.20225228  0.121966594
 C   3.45210628 -1.97759428 -0.517193406
 C  -1.30725072 -1.89466428  0.830709594
 C   1.73264528 -1.38099228  2.35915659
 C  -2.47642372 -1.73448228  1.49610759
 C   0.102976281  0.670728719 -2.53443741

 54 -4906.43566
 Cu -3.35670966 -0.987985125  2.83536259
 Cu -1.38422366 -1.90102712 -2.95708441
 Cu  2.19940334 -1.49658113 -1.45192041
 Cu  1.20289734 -2.59532213 -3.38607741
 Cu  0.413885344  2.05887787  2.15422759
 Cu  0.295187344 -3.31529812 -1.30295341
 Cu  0.368874344  1.42366688 -1.94898341
 Cu  0.176479344 -0.095025125  0.268254594
 Cu  2.89884434  0.799765875 -0.141287406
 Cu -0.924070656  3.75357288  3.42259559
 Cu -1.84816566 -2.30681712  0.0139635938
 Cu -2.38514766 -0.030591125  0.850711594
 Cu  1.90817334 -0.213917125  2.09478559
 Cu -1.12861366  1.96585287  0.0329905938
 Cu  2.77086134  0.628763875 -2.63977041
 Cu  3.57565134 -1.41576313  0.531250594
 Cu  1.38609334  2.69816988 -0.0193164062
 Cu  1.28252234 -2.31366712  0.670138594
 Cu -1.62222566  0.011762875 -1.46990841
 Cu -0.652102656  4.05275888  0.994209594
 C   1.81856434 -0.777374125 -3.47490141
 C  -2.53492166  1.73777187  2.25760159
 C   2.01734034  1.50753388  1.38959959
 C   0.551417344 -0.339029125 -3.45463341
 C  -0.682617656 -0.037157125 -3.14547941
 C   0.548471344 -1.46213013  2.29251459
 C  -3.39176666  0.825313875  2.49903259
 C   2.20806134  1.97285588 -1.51270441
 C  -2.00588666 -1.91693913  1.96146759
 C  -1.50392166  2.60359088  2.02494659
 C  -0.714279656 -1.73679612  2.21057259
 C  -1.48807466 -3.09883812 -1.59920541

 55 -4906.43563
 Cu -2.53775062 -0.273586656  1.72532409
 Cu -4.60767963 -3.70326066 -2.59104391
 Cu  2.43617238 -0.852615656  1.07337209
 Cu -2.27188162 -3.25746366 -1.99577091
 Cu -4.05516663 -1.89864366 -1.09441891
 Cu -0.009734625 -0.706726656  1.55773209
 Cu  1.89158637  3.06099434 -0.868227906
 Cu -0.218675625 -1.80177166 -2.63114991
 Cu  0.735582375 -2.05470866 -0.284541906
 Cu  4.75460138  0.00575834375  1.62345009
 Cu  1.62207638 -0.347190656  3.57409209
 Cu -1.03262162  2.14197834 -2.86669491
 Cu  3.16564338  1.32376334  0.163062094
 Cu  1.15469237  0.176693344 -0.941950906
 Cu -0.063394625  3.22289234  0.642456094
 Cu -1.71891163 -2.00129166  0.162590094
 Cu -3.62848562 -1.75695566 -3.56209191
 Cu  0.215257375  1.82783434  2.76986509
 Cu  4.60901837 -0.982745656  3.87286109
 Cu  2.86745438  1.55611534  2.55506009
 C   2.35775938  2.98988334  1.00592509
 C  -1.27586062  0.282788344  2.99271809
 C  -0.668940625 -2.89189966 -1.14703891
 C  -2.40864562 -0.442558656 -4.02479691
 C   0.430747375  1.81241534 -1.54089091
 C   3.31159238 -0.325718656  2.76502009
 C  -1.64607663  0.700448344 -3.86415691
 C  -1.04253862 -0.559414656 -3.75984891
 C  -0.235838625  2.88453434 -1.23312191
 C  -0.196320625  0.0328093438  3.62770709
 C   1.45550037  2.97008534  1.92156309
 C  -3.38916062 -1.13244166  0.372947094

 56 -4906.42407
 Cu -1.83950194  4.37156881  1.83839831
 Cu  0.669748062 -1.57020319 -0.572548687
 Cu  1.73798606  0.858655813  0.368466313
 Cu -1.80369494 -2.05624819 -0.410746687
 Cu -0.301969938 -3.38740819  1.03973131
 Cu  2.66896806  1.33188581 -2.52463769
 Cu  0.970266063 -0.433414187 -2.68907369
 Cu  2.99528006 -0.943234187 -1.28536069
 Cu -2.61101094 -0.830497188  1.98381031
 Cu  0.425985063  2.09967781 -1.64573969
 Cu -1.18279494 -2.57218619  3.11188631
 Cu  4.04150106  1.19383781 -0.480509688
 Cu  0.537351062 -5.00534719  2.73708331
 Cu -2.98823194  2.64344981  3.15517431
 Cu  3.14823606 -0.633866188 -3.72507669
 Cu -3.43201894 -2.34744019 -2.27038469
 Cu -1.41021594  0.440700812 -2.54237769
 Cu  3.88745906 -0.741908187  1.04125131
 Cu  1.75654606 -2.27095419  1.80276331
 Cu  0.187202063  3.28533581  0.753932313
 C   2.15031906 -0.990677188  0.500896312
 C  -1.70981094  2.90950781  0.560698313
 C  -1.93650494 -2.43376719  1.38666631
 C  -1.84057694 -1.49016419 -2.52584769
 C  -1.55593494  2.18031581 -1.96083669
 C   1.76591506  2.93515181 -0.0990076875
 C   2.53904706  2.46634081 -1.01081369
 C  -1.64598394  2.66269381 -0.794770688
 C  -2.82375394  0.996131812  2.03865931
 C  -0.627970937 -1.42966319 -2.06527869
 C  -2.32150494  1.96201281  1.37703531
 C   0.549671062 -3.20028819  2.90655831

 57 -4906.5097
 Cu -1.72357616  0.852574906  2.08083466
 Cu -2.21422516 -2.44247409  2.27009866
 Cu  2.74208284 -2.55066809 -1.78692534
 Cu -2.43238216  0.438078906 -2.16526434
 Cu  2.17659884 -1.50366909  2.34210966
 Cu  0.262337844  1.87806691 -2.74898334
 Cu -2.09935116  1.32185291 -0.00607034375
 Cu  2.69373684  1.74433491  2.61183066
 Cu -2.12654216  1.47668891 -1.12941534
 Cu -1.60499616 -1.47656709 -2.64393234
 Cu -1.45913116 -0.911608094  1.54927466
 Cu  0.944356844  1.14883191  1.86929966
 Cu  1.60691084 -2.54843409  1.86787566
 Cu -0.111163156  1.00648891  2.32332466
 Cu  2.73988584  1.61596691 -2.02983334
 Cu -2.22901516 -0.435217094  0.185955656
 Cu -1.46284816  1.37127491 -1.85365434
 Cu  1.83301884 -2.83755409 -1.88565034
 Cu -1.61109116  0.269845906 -2.02083034
 Cu -1.94766916  0.164590906  2.19289766
 C  -0.598067156  1.04184091  1.60611566
 C   0.762089844 -0.601674094 -1.70166934
 C  -1.85295716 -0.407038094  2.74276366
 C   0.649791844  0.437937906  0.662106656
 C  -2.35283616  1.10379891 -2.33786534
 C   2.05078084  1.84214691  1.67952766
 C   0.155344844 -0.807978094 -1.76390034
 C   1.74277084  1.25846191  1.69065466
 C   0.0528278437  1.70436791  2.03409466
 C   2.88896184 -2.14681109 -2.75489634
 C   0.167902844  1.19705891 -2.72559734
 C   2.35645184 -3.20451709 -0.154276344

 58 -4906.50769
 Cu -2.67351809  3.01811903  1.41913619
 Cu -0.0694370938 -0.611978969  2.33136919
 Cu -0.807734094  0.823585031  0.409907188
 Cu -0.361543094  3.30089503  0.249931187
 Cu -0.272929094 -0.848727969 -1.59319781
 Cu -2.25133009  2.24309103 -1.04615981
 Cu -1.80044809 -1.54167597  0.507158187
 Cu  2.14190291 -0.693976969 -0.963852812
 Cu -4.16970009  3.78023503 -0.460220812
 Cu  2.51717791  1.45473303 -2.11280081
 Cu  0.596495906 -2.31749097  0.349931188
 Cu  0.115498906  1.72972903 -1.65610981
 Cu  1.72442391  0.360836031  3.88276319
 Cu -3.21029709  0.509766031  0.825114187
 Cu  1.97994091 -1.03749697 -3.42606281
 Cu -1.83501409  1.17490603  3.00677719
 Cu  2.98373791 -2.84529497 -0.215437812
 Cu  2.32894891 -1.06256897  1.43033419
 Cu  1.70090591  1.34168103  0.323380188
 Cu  0.476796906  2.04506003  2.41222619
 C   0.399665906 -4.09058697 -2.32721781
 C  -0.777291094  3.75263703  2.09401419
 C  -1.11970509 -2.59813997 -0.835767812
 C   1.57500191  0.543209031  2.06161319
 C   1.64440191 -3.78933797 -2.60303481
 C  -1.94865709 -0.401638969  1.96563419
 C   2.91845591 -3.47828797 -2.02551481
 C  -1.27471409  3.02925703  3.02416219
 C  -3.75524609  2.12004603  0.145788187
 C  -0.414788094 -3.37612497 -1.58299481
 C   1.09387191  0.289325031 -2.42884181
 C   2.54512491 -2.82378197 -3.16202581

 59 -4906.49312
 Cu -2.25210006  1.22156031 -0.903723812
 Cu -1.51590706  3.46826631 -0.849333812
 Cu  2.26946694  0.626886313  2.50035619
 Cu -1.22825106  2.16866331  1.42854719
 Cu  2.30904294  1.80783031 -1.59650481
 Cu -0.194074063  2.02445231 -2.64337681
 Cu -0.0411960625  0.363975313 -0.581037812
 Cu  0.148501937 -1.82877869 -3.06960681
 Cu  1.25837594  2.06508931  0.794868188
 Cu  1.81254294  3.45659531 -3.26418681
 Cu -1.51160606 -0.0944156875 -2.83734281
 Cu  0.898222938  3.72478831 -1.09532881
 Cu  0.135833937 -1.70272469  0.677679188
 Cu -2.23775806 -1.27543469 -0.747792812
 Cu -0.739643063 -3.18391669 -1.21860181
 Cu  2.41225794  0.0072463125  0.160999188
 Cu  2.15034794 -1.69646469  1.93833919
 Cu  1.68169694 -1.97851369 -1.07964181
 Cu  0.0320049375 -2.35060369  3.16197319
 Cu -2.18639806 -0.170820687  1.46587619
 C  -2.11536006 -2.06999469  1.14128419
 C  -0.142231063  3.29600031  0.388858188
 C  -0.755120062  0.423674313  3.58756719
 C   1.40429794 -0.936664687  3.59603419
 C  -1.43794706 -3.22729569  0.592364188
 C   2.33475894 -0.182029687 -1.75633381
 C   1.38938194 -0.0091636875 -2.67538681
 C  -1.61670806  1.02653231  2.89531519
 C   0.301520937 -0.340704687  3.89247719
 C  -1.28566806 -2.90801069  1.95090819
 C  -1.60091706 -1.95993669 -2.42275481
 C   0.322629937  0.233913313 -3.43249281

 60 -4906.23466
 Cu -2.46693712 -4.37564863  2.654237
 Cu  0.923679875  3.36484037  1.929591
 Cu  0.724063875  0.964888375  0.839233
 Cu  2.78955087  4.58321938  3.123684
 Cu -0.571444125 -3.65851463  1.503462
 Cu -2.78516012 -3.26215462  0.570989
 Cu -2.83222013 -0.868018625 -4.350354
 Cu  3.06072387  0.456867375 -0.572787
 Cu -1.55091313  1.12485237 -3.22972
 Cu -2.08052713  0.072710375  0.191283
 Cu -3.93220212 -2.45985062 -2.85273
 Cu -0.891699125  2.22973038 -1.071016
 Cu  2.94313887  0.154339375 -2.955841
 Cu -0.826709125  3.05393738 -4.504472
 Cu -2.18060412 -0.996450625 -2.078854
 Cu  1.39578187 -3.01665462  2.675577
 Cu  2.08414688 -1.21398163  1.035366
 Cu -0.466662125 -3.77764462  3.968801
 Cu  2.45356887 -1.72057163 -1.576841
 Cu  0.885446875  0.228936375 -1.668845
 C   2.99797687  6.14275638  3.875688
 C  -0.944156125  0.290509375 -1.615942
 C   2.75810387  2.93022238  2.389054
 C  -1.28478812  1.58842138  0.910026
 C  -3.63097412 -2.33432362 -1.025271
 C   1.06342487 -3.11029162  0.72947
 C   2.62539987  0.561678375  1.30148
 C   1.83540788 -2.79763762 -0.228153
 C  -0.592222125  2.62837438  1.158836
 C  -3.08815513 -1.46693863 -0.244867
 C   2.73590088  1.75157637  1.864852
 C  -1.15094213  2.93082138 -2.745936

 61 -4906.57397
 Cu -0.825904937 -1.81596238  0.882380188
 Cu  2.17672406  1.36159263 -0.101629813
 Cu -3.02179794 -2.47221538 -0.316004813
 Cu  1.68139706  1.98962163  2.33325919
 Cu -2.52340594  0.150907625 -0.0574408125
 Cu -3.01546794 -1.53272837  1.97115319
 Cu -1.44437894  1.27450563 -2.45632581
 Cu  1.94493506 -1.52636537  1.98049219
 Cu  0.0248710625  3.19425962 -0.531509813
 Cu -2.03114194 -3.77218538  1.45098919
 Cu -1.12042594 -1.47044437 -2.05705981
 Cu  3.58040106 -0.620626375  0.468039187
 Cu  3.47762306 -1.99606038 -1.59232381
 Cu  1.36706406  0.187094625 -2.21234181
 Cu  1.50041606  2.58401962 -3.63542381
 Cu  0.774822063 -3.60070938  1.21554019
 Cu -2.59889994  2.20430963  2.66150619
 Cu  0.396692062  0.177019625  1.36290019
 Cu  3.19165106 -3.08837538  0.548761188
 Cu  1.25181306 -1.78169237 -0.417786813
 C  -0.433952937  3.62949562  1.20375419
 C   0.243625063  3.19412962  2.36202419
 C   2.35183006  0.378206625  1.55246119
 C  -2.69218494 -0.033437375 -2.09765981
 C  -3.09906994 -1.15154837 -1.62987381
 C  -2.62623994  0.422884625  2.06933819
 C  -1.14778494  3.33317062  2.35469119
 C   1.91999006 -1.75182337 -2.58755081
 C  -1.45265094  0.049328625  1.64980019
 C   0.184815063  2.14711362 -2.29803081
 C   0.647651063 -1.74941737 -2.46359781
 C   1.31698606  2.08593162 -1.61252981

 62 -4906.65788
 Cu -1.92107431 -0.357556562 -2.24763016
 Cu  0.768050688 -2.43800456  1.04225484
 Cu  0.130060688 -1.80610056 -1.66234116
 Cu  4.19699569  0.461277438  0.337457844
 Cu -0.866292312  1.54601544  2.06166684
 Cu -3.69289331 -0.952478562 -0.314560156
 Cu -1.74619331  2.15839244 -2.74925616
 Cu -1.60060931 -2.42911956  0.188471844
 Cu -3.52188331  0.938450438 -3.68824016
 Cu  3.20423569 -1.88510956  1.07683084
 Cu -3.62522231  1.26247144 -1.32935516
 Cu  1.53805169  1.52663244  1.00617384
 Cu  2.18796269 -2.98991656 -0.808953156
 Cu -2.20940231 -0.591906562  1.75446184
 Cu -1.37330031  2.06394744 -0.298933156
 Cu  0.0114016875 -0.814069562  2.96816784
 Cu -0.187806312 -0.234991562  0.290127844
 Cu  2.10436969 -0.518960562 -0.706880156
 Cu  0.311747688  0.700196438 -1.96321616
 Cu  2.39033269 -0.0351625625  2.86464984
 C   2.03796669  2.29088944 -0.919038156
 C   2.95250869  1.46292644 -0.570382156
 C   0.767102688  0.876553438  2.63213284
 C  -2.87246631 -2.19599256 -1.46942816
 C  -0.289815312  2.86333844 -1.83707816
 C  -0.908661312 -2.00634056  1.87656084
 C  -3.47165231  0.758462438  0.555956844
 C  -1.68529231 -2.42805056 -1.89335316
 C  -2.58453531  1.44009444  1.19488484
 C   0.923015688  2.79573044 -1.44884316
 C   4.94650869 -0.762474562  1.55936084
 C   4.08678869 -0.699143562  2.49832884

 63 -4906.64137
 Cu  2.66477231  1.392787 -0.0323720313
 Cu  0.916447312  0.18341 -1.67865203
 Cu -1.21398169 -1.110579 -1.90925903
 Cu -0.865239687  3.394543 -3.64033103
 Cu -3.25260569  2.263606 -0.0268590313
 Cu  0.971088313 -2.220591 -1.01012103
 Cu -0.879530687  1.086807 -3.06452203
 Cu  0.775553313 -3.959419  0.957028969
 Cu -1.29003869  1.015149 -0.708997031
 Cu  1.86399631 -1.173342  2.93615797
 Cu -1.23428969  3.433859 -1.13572203
 Cu  1.21170631  1.960409 -4.14643703
 Cu  2.59165431 -2.196054  0.777157969
 Cu  0.947902313  2.736604 -1.94110003
 Cu -0.0486066875 -2.854136  3.04841997
 Cu -1.43820269 -2.493758  0.895849969
 Cu  2.93472931  1.291963 -2.61566903
 Cu -1.37916869  1.499021  1.87358297
 Cu -2.92329369  2.381821 -2.41817903
 Cu  0.432456313  2.534477  0.392120969
 C   2.54175831 -1.127214 -0.872240031
 C   1.51846431  0.633052  2.61837297
 C   0.470368313  1.456172  2.19429397
 C  -2.42842269 -1.192712  2.34374697
 C   1.76702631  1.572405  1.61477097
 C  -2.91607869 -0.00479  1.93385697
 C  -1.73845369 -2.117735  2.85842797
 C   3.10105431 -0.046399 -1.27126603
 C  -1.05657669 -2.813517 -1.16231303
 C  -3.27167069  1.084713  1.40109097
 C   1.65166031 -2.919628  2.26467297
 C  -0.424477687 -3.690924 -0.475513031

 64 -4906.55164
 Cu  0.664945656  0.039037125 -2.65526253
 Cu -1.26116134 -1.63855087  2.80854547
 Cu -1.00070934 -1.53640588 -1.88175153
 Cu -0.867308344  0.678316125 -0.704661531
 Cu -0.463367344  3.12206412 -0.0905465312
 Cu  3.57036866  2.04689012  2.43737547
 Cu -1.40251834 -3.61575188 -3.16485553
 Cu -3.22128934 -0.074752875  3.39981347
 Cu  1.92920366  3.86693612 -1.11996653
 Cu  1.52018866  2.09196012  1.01230947
 Cu  3.28891466  0.269402125  0.878531469
 Cu -2.16273134  2.62354812 -1.93248853
 Cu  0.714795656 -3.14930688 -0.731763531
 Cu  2.28825366  1.45833213 -1.41934853
 Cu -1.87069734  0.837446125  1.70534047
 Cu  1.72508066 -0.799053875 -0.772118531
 Cu  0.241796656  2.37223712 -2.54508253
 Cu  3.65689966  2.73031112  0.124450469
 Cu  0.376740656 -0.070314875  1.51103147
 Cu -1.68718834  0.525697125 -3.01616553
 C   0.541280656 -1.87040088  2.47081247
 C  -3.01521134 -2.41946088  1.67448047
 C  -1.94323334 -3.35411788 -0.393895531
 C  -3.25574034 -1.77738588  2.75964047
 C  -0.341748344  1.61844112  1.00038647
 C  -1.00867634  4.10398812 -1.89445753
 C  -2.71599834 -3.02871488  0.555158469
 C   0.222596656  4.39069113 -1.70680553
 C   2.81393466 -1.60733287  0.984610469
 C  -1.03773834 -3.46865588 -1.36222653
 C   2.10621266 -2.51149488  0.309809469
 C   1.59410466 -1.85359688  1.75910047

 65 -4906.56194
 Cu -1.3145195  1.24527237 -2.16662159
 Cu  1.4217585 -4.16039063  0.373700406
 Cu  0.8417365  2.14464538 -3.13083859
 Cu -1.1681815 -2.83580463  4.53699541
 Cu -2.5889495  0.397499375 -0.117004594
 Cu  2.2120185  0.036073375  0.718950406
 Cu  1.5210225  0.192745375 -1.75437459
 Cu -1.9914385 -1.56281263  1.28836941
 Cu -0.1449545 -0.172550625  0.0497484063
 Cu  0.9430955 -2.01730362  1.57142641
 Cu -1.4659985 -1.33011563 -1.79042959
 Cu -1.0343825  1.97904837  1.22148641
 Cu -0.8535445 -3.80168463  1.09033541
 Cu -2.5840585 -3.25674163 -0.552558594
 Cu -0.2362075 -3.40819962 -1.29452759
 Cu  1.8434405  2.19149737 -0.511893594
 Cu  1.6681815  4.35297437  0.779629406
 Cu  0.0126715  0.231969375  2.62536741
 Cu  1.6383475 -1.97737162 -0.741374594
 Cu -0.4645905  3.27131338 -0.964476594
 C  -1.8070915  2.05446038 -0.497976594
 C  -0.8730735 -2.72104862  2.68769541
 C   0.2503935 -0.870040625 -3.06475259
 C  -0.5376315 -1.49329063  2.99577841
 C   1.6549895  2.93151638  1.97919441
 C   1.9902065  1.59674937  1.75794641
 C  -2.7988645 -1.42695763 -0.446190594
 C   1.2796845  3.64220637 -2.11047359
 C   0.6344015  1.99869437  2.23699341
 C   0.4944545 -1.99691563 -2.41777559
 C   0.0529345  0.430250375 -3.30631959
 C   1.4041495  4.33431237 -1.04602859

 66 -4906.56506
 Cu -2.13080813  1.91907831 -2.60871794
 Cu -0.848107125 -2.42988769 -2.32770794
 Cu -0.877840125 -1.23798169  2.40384306
 Cu  2.25619587 -2.02672869  1.36051906
 Cu  0.987969875  2.10527931 -1.20029894
 Cu  0.070131875 -3.17488869  1.22718906
 Cu  2.55863387  2.29310231  2.14635506
 Cu  0.914593875 -2.38158769  3.39621506
 Cu  1.76280387 -3.81592269 -0.459891937
 Cu  2.54627888  0.417688313  0.113552063
 Cu -0.567394125 -4.65843969 -0.846214937
 Cu -3.42309513  2.79225131 -0.667276938
 Cu  2.26950087 -0.110181687 -3.15511594
 Cu -0.780110125  1.13115931  2.34309406
 Cu -0.992134125 -1.29295469 -0.0465939375
 Cu  0.381121875  3.00180431  0.945324063
 Cu -1.28550413  1.33010831 -0.158359937
 Cu  1.37393188 -1.50661269 -1.11349394
 Cu -0.167047125  0.138442313 -2.28130694
 Cu  1.41706888  0.132331313  2.77023506
 C   1.61411587  0.366523313 -1.51438194
 C   3.29190287 -0.558345687  1.81279706
 C  -0.519045125  3.26850131 -0.812003937
 C  -3.86424313  1.46130131  0.492940062
 C  -3.03509012  0.601568313  0.936474062
 C   0.771702875  2.07928731  2.52271006
 C   0.063644875 -2.92718769 -0.710931938
 C   3.49532887  0.694632313  1.96636106
 C  -1.89781712 -0.0901736875  1.22264006
 C  -1.99547012  0.200460313 -3.26311694
 C  -1.71299713  3.29700131 -1.27913694
 C  -1.67822413 -1.01962769 -3.21569794

 67 -4906.54847
 Cu  0.772233063  1.74134338 -3.09392375
 Cu  2.90736506  1.46822237 -0.16652175
 Cu -2.07790094 -1.89698263 -1.59085075
 Cu  0.672349062 -2.34317962  2.51406525
 Cu -1.21500694  2.73329138 -1.66202575
 Cu -2.62060994  0.728581375 -2.20952175
 Cu  0.165032062  0.303850375  0.10556225
 Cu  1.04305706  2.68933738  1.07375425
 Cu -1.33026594 -0.815258625  2.67342225
 Cu  2.49570906 -3.92792663  1.48458325
 Cu -0.404051938 -0.307838625 -2.58658375
 Cu -1.39462494  2.27732138  0.76526125
 Cu  2.16714006 -1.93023263 -0.18317075
 Cu  2.23901406 -0.314410625  1.89704025
 Cu  1.97746506 -0.178354625 -1.85219075
 Cu -2.66399994 -2.32276163  0.95317325
 Cu  0.0520270625  1.21981038  2.79568125
 Cu -2.60271294  0.154273375  0.58101125
 Cu  1.37056406  3.20957837 -1.27063175
 Cu -0.283454938 -2.43235662  0.16404825
 C   0.969993062 -1.89404763 -1.72836175
 C   2.31321906 -2.14343762  1.66645925
 C   1.91663106  1.59825637  2.67102525
 C  -1.07793694 -2.49021262  1.90738825
 C  -3.63534594 -0.473818625 -1.21030275
 C  -1.64596894  0.907869375  2.02591425
 C   2.79276406  1.64922137  1.73501925
 C  -0.253938938 -2.23621662 -1.90417375
 C  -0.182652938  3.35151938 -0.21387375
 C  -3.68564794 -1.43815163 -0.37247475
 C  -1.06749794  1.43755637 -3.01601875
 C   2.28705506  1.67515437 -1.95278275

 68 -4906.49347
 Cu -2.81573684  1.57836978 -1.67527678
 Cu  0.356006156  2.44586978  1.69595322
 Cu -1.33336984 -2.90273922 -1.70708978
 Cu -2.09540584 -0.182961219  0.0101602188
 Cu  5.55920816 -0.613516219  0.860626219
 Cu  2.93819716 -1.56464722 -0.947139781
 Cu  0.907301156  2.81372778 -1.03844778
 Cu -3.17233784  1.85192678  0.920527219
 Cu -5.49473984 -2.60982422  0.621514219
 Cu  0.486027156 -1.17908122 -1.93935478
 Cu  1.94388516  0.755052781 -1.86624678
 Cu -2.13752884 -0.719703219 -2.41225378
 Cu -1.58620684  1.05389378  2.57047622
 Cu  2.53101416  1.53888578  0.365171219
 Cu -3.54413084 -1.54982522  1.56104322
 Cu -0.484093844  0.989248781 -1.88453678
 Cu -3.57312184 -2.41095022 -0.731238781
 Cu -1.33857684  2.89741878 -0.256711781
 Cu -1.11004584  3.23685578 -2.59753778
 Cu -3.25833684 -2.76344622 -3.09863878
 C   4.35481716  0.965288781  2.71263222
 C   3.54168516  0.431541781 -0.932911781
 C  -2.05724484 -2.29965522  0.594882219
 C   5.31950516  0.209173781  2.46281022
 C  -1.51755284  2.63233578  1.57038722
 C   1.41578916 -2.58223922 -0.815500781
 C  -0.901802844 -2.75540622  0.320316219
 C  -3.02603684  0.179265781  1.80164322
 C   3.20902016  1.62115278  2.51924922
 C   0.290329156 -2.85070522 -0.290749781
 C   4.49050416 -0.350134219 -0.589473781
 C   2.10298016  2.13482578  2.19571722

 69 -4906.56098
 Cu  1.6491165  2.8139465 -0.881292313
 Cu -1.7214405  1.5846535 -3.54717631
 Cu  2.5371445 -1.1093475 -2.60181631
 Cu -3.6758265  3.2289175  0.533774688
 Cu  0.3259795 -2.7215185 -1.40946431
 Cu  1.4700475 -3.5501875  1.07038969
 Cu -2.3193115  1.2952245  1.24036169
 Cu -1.8667385 -0.5418835 -0.455780313
 Cu -0.5607605 -0.0990455  2.28412669
 Cu -1.2925455  3.5599625  0.328101687
 Cu -0.2177785  1.2262875 -0.113313313
 Cu  1.8131405  1.7905255  1.37921969
 Cu -1.1715585 -2.3703325  1.15327769
 Cu -0.3009165  2.5531845  2.30580169
 Cu  1.6717895 -1.4061825  2.69146369
 Cu -0.5059585 -3.3599565  4.23284069
 Cu  0.5761545  0.7912225 -2.47208531
 Cu -0.5515375  3.1012235 -1.98605231
 Cu -2.5968385  1.9323205 -1.16867431
 Cu -1.4213695 -0.8753395 -2.95988631
 C   2.3247705 -2.6752035 -1.66497131
 C   2.4373005  1.8606925 -2.26493831
 C  -1.6169785 -2.3760155 -1.86481631
 C   1.7160285  0.4192115  2.97643069
 C  -1.2902155  0.7410105 -1.92676231
 C  -0.3335425 -1.9917215  2.88402069
 C   2.1439785 -3.3550665 -0.620722312
 C   0.4436835 -3.0040635  2.50260869
 C   0.5195775  3.0985155  0.584934687
 C  -1.6257125 -2.6329425 -0.616542313
 C   2.5691745  0.7211495 -2.79337531
 C   0.8711435  1.3507585  3.18031669

 70 -4906.52028
 Cu -2.24672319  0.70646575  1.65853931
 Cu -2.01644619 -0.57687025 -2.46957269
 Cu -0.711766188  2.93906375 -0.346448688
 Cu -0.989526188  1.78474075 -2.73834669
 Cu -2.68012019  1.24306875 -0.916076688
 Cu -0.723487188 -0.14056125  3.50876631
 Cu -0.120803188 -2.88633025  2.69611831
 Cu  1.39085581  0.85251675  0.996849312
 Cu  1.78805881 -2.69727325 -1.90311869
 Cu  1.43464681  1.77700275 -1.59440069
 Cu  1.57249581 -0.99534925  2.77307631
 Cu -2.36922519 -1.66265925  2.45582631
 Cu -1.53229919 -3.19513225  0.742544312
 Cu  0.918949812  1.40121975  4.60703631
 Cu -0.418817188 -1.00126525  1.19493531
 Cu -0.264659188  0.12056475 -0.900540688
 Cu  0.483588812 -0.28665325 -3.40070069
 Cu  0.834971812  3.32191475 -3.63676169
 Cu -0.271207188  2.14575275  2.41884831
 Cu -2.44543219 -1.08518125 -0.114225687
 C   1.68342381 -2.85556225  2.14005931
 C   0.807907812  1.50022475 -3.64077869
 C   0.330189812 -2.34935025 -2.96738469
 C  -2.55951019  2.47554175  0.546295312
 C   2.25268781 -2.64783325  1.02282231
 C   2.59081881 -2.24639125 -0.224153688
 C  -0.819631188 -1.85120425 -3.13566569
 C   2.11987581  0.26795075 -0.703449688
 C  -1.74893619  2.81540075  1.47252131
 C   1.01129881  0.81075975  2.87535831
 C   0.210319812  3.25677975 -1.91555569
 C   2.48849981 -0.94135125 -0.502415687

 71 -4906.52354
 Cu -1.07001762  1.21281075  3.11963325
 Cu -0.980374625 -2.34600725  0.46286125
 Cu -2.04303562  0.99830375 -2.58572075
 Cu -1.32396462  3.15319675 -0.82316675
 Cu -2.51713162 -0.83081325 -0.92033975
 Cu  0.981428375 -3.58649325 -0.28208075
 Cu  1.75259838 -1.31043825 -0.06877475
 Cu -0.191412625 -2.01422725 -1.92856175
 Cu  0.059352375 -0.13841625 -3.56089675
 Cu  0.067090375 -0.12010625  1.33100925
 Cu  2.06218438  1.14751275  0.35437025
 Cu -2.29678863  0.85761275  0.89151425
 Cu  0.825814375 -2.62510125  2.06086325
 Cu  2.33922937 -0.61535225  2.17333425
 Cu  1.12353437  3.20686875 -0.70301575
 Cu -0.183792625  2.45257775  1.19075925
 Cu  0.191925375  2.16218975 -2.64440375
 Cu -0.230878625  0.48222675 -0.92370475
 Cu  1.36125337  1.52967775  2.91110125
 Cu -1.78651162 -1.08865725  2.76953425
 C   2.21794337  1.90832575 -1.56275375
 C  -2.28295062 -1.11267625  0.98988025
 C   1.98994438 -1.49992825 -2.29086375
 C  -3.34497162  0.98883575 -0.93729775
 C   0.966772375 -1.37415525  3.55303625
 C   1.95008538 -0.30012125 -2.96630475
 C   1.87990538 -2.62786725 -1.67723475
 C  -1.44260262 -0.78641325 -2.61722175
 C   2.19466338  0.86378675 -2.31234475
 C   0.921442375 -0.00568625  4.00205625
 C  -2.91412863  2.19310975 -0.92470675
 C  -0.276605625 -0.77457525  3.91944025

 72 -4906.55676
 Cu  0.559135156  2.91323247 -0.570910719
 Cu  1.78953816 -3.85691353 -0.627628719
 Cu -2.49424384 -1.74755653  1.03615528
 Cu -1.23622784  1.99749547 -2.43892372
 Cu -3.40404684  0.0941884687  2.37532228
 Cu  2.35044216 -1.84483253  0.750621281
 Cu  1.46431416 -1.67872053 -1.86453372
 Cu -1.83619084 -0.226338531 -0.934488719
 Cu  1.37873116  1.61151247 -2.54912772
 Cu -4.16586484 -0.0994645313 -0.0933087188
 Cu  0.928318156 -3.86726653  1.61138828
 Cu -0.0112788438  1.70424747 -4.52800872
 Cu -0.314055844 -2.36797153 -0.0409987188
 Cu  3.11610316  0.314771469 -1.03670572
 Cu -0.995249844  0.0517034687  1.80056928
 Cu -0.250747844 -0.168298531 -3.06686372
 Cu  0.615626156  0.147637469 -0.395081719
 Cu  1.32200116 -0.348399531  2.50885428
 Cu  1.95929916  1.58992547  1.05726828
 Cu -0.569299844 -2.20670853  2.54328728
 C  -1.47546984  2.40342147  1.41314028
 C  -2.55843384  1.44568347  1.36419528
 C  -1.22132884  2.87698647  0.0793552812
 C  -0.400489844  2.04745747  2.23375728
 C   2.12239016  1.87585247 -0.830790719
 C  -0.351546844 -1.23343653 -1.55097172
 C   3.51124116 -1.50774653 -1.14630872
 C  -2.14658884  2.24815347 -0.802696719
 C   3.19207716 -2.73964153 -1.18018272
 C   1.31790016 -2.20607853  2.33576228
 C   0.680221156  1.47252947  2.58002728
 C  -2.87627384  1.30457547 -0.0321727188

